6.100000000000000000e+01 1.475387674150897332e-05 1.845348913496376836e-07
1.630000000000000000e+02 1.113707831802612332e-05 8.624741037696528619e-08
2.660000000000000000e+02 9.641655865886316471e-06 5.820548857520770726e-08
3.680000000000000000e+02 8.403902098411130211e-06 4.334827496848648042e-08
4.700000000000000000e+02 7.994240333141344526e-06 3.641992031208355757e-08
5.720000000000000000e+02 7.575723283482941785e-06 3.134685124713548589e-08
6.740000000000000000e+02 7.312558584483925792e-06 2.771741283626533037e-08
7.770000000000000000e+02 7.149064090869554548e-06 2.537464857447108315e-08
8.790000000000000000e+02 6.942831782266513125e-06 2.316831887646483236e-08
9.810000000000000000e+02 6.907399385791102433e-06 2.181651966266742337e-08
1.083000000000000000e+03 6.787623169094658164e-06 2.041232378609829184e-08
1.186000000000000000e+03 6.771404317583775499e-06 1.937077575374569785e-08
1.288000000000000000e+03 6.719249029790791498e-06 1.853044866325710398e-08
1.390000000000000000e+03 6.650169680870995934e-06 1.764837040176604969e-08
1.492000000000000000e+03 6.637076624127822632e-06 1.701252173740744618e-08
1.594000000000000000e+03 6.578613343605280229e-06 1.629987479748352815e-08
1.696000000000000000e+03 6.574177103941264664e-06 1.572513674478650222e-08
1.799000000000000000e+03 6.538835731875173174e-06 1.525133470339589193e-08
1.901000000000000000e+03 6.487529239741459618e-06 1.473196149112748387e-08
2.003000000000000000e+03 6.507239501874650633e-06 1.439203792954224729e-08
2.106000000000000000e+03 6.478513447388068216e-06 1.390416908840734588e-08
2.208000000000000000e+03 6.486633645149701047e-06 1.366952986363388781e-08
2.310000000000000000e+03 6.465488720126909176e-06 1.331462920680896504e-08
2.412000000000000000e+03 6.445482887145481958e-06 1.299096627766238246e-08
2.514000000000000000e+03 6.430056605544031144e-06 1.269488551445604372e-08
2.616000000000000000e+03 6.425236465054034292e-06 1.237267378125686778e-08
2.719000000000000000e+03 6.431887373232291193e-06 1.220706838682965016e-08
2.821000000000000000e+03 6.403052436593785754e-06 1.193595785685812876e-08
2.923000000000000000e+03 6.396648547050909974e-06 1.170608785771562124e-08
3.025000000000000000e+03 6.416099797570591329e-06 1.154944112789485765e-08
3.128000000000000000e+03 6.406995466578039095e-06 1.128459567196618892e-08
3.230000000000000000e+03 6.382091835738158278e-06 1.112148790968590196e-08
3.332000000000000000e+03 6.387115150723478280e-06 1.095461192109760865e-08
3.434000000000000000e+03 6.386345181482376420e-06 1.078280862916257828e-08
3.536000000000000000e+03 6.379947379857780656e-06 1.057040968161028400e-08
3.639000000000000000e+03 6.370335290979651758e-06 1.045424199189729926e-08
3.741000000000000000e+03 6.362591285866254152e-06 1.029963318010901458e-08
3.843000000000000000e+03 6.363048250901120457e-06 1.015961718912743717e-08
3.945000000000000000e+03 6.363966812219859120e-06 1.002881165797546571e-08
4.048000000000000000e+03 6.360809930585493277e-06 9.850875077678454960e-09
4.150000000000000000e+03 6.334074282132366409e-06 9.733283813333312391e-09
4.252000000000000000e+03 6.328973081693182925e-06 9.607798397943974096e-09
4.354000000000000000e+03 6.315395658487646024e-06 9.476881514466546550e-09
4.456000000000000000e+03 6.291376422476055217e-06 9.285069932238129435e-09
4.559000000000000000e+03 6.269714219253596896e-06 9.192423872193547801e-09
4.661000000000000000e+03 6.245862729515791818e-06 9.055056527539003681e-09
4.763000000000000000e+03 6.214727840066870032e-06 8.916926901981929279e-09
4.865000000000000000e+03 6.173942237474115776e-06 8.763784878061903758e-09
4.968000000000000000e+03 6.157146998898534572e-06 8.606785010118311347e-09
5.070000000000000000e+03 6.111112005319677071e-06 8.496348082131066299e-09
5.172000000000000000e+03 6.075270948052938027e-06 8.363767218739736964e-09
5.274000000000000000e+03 6.068804543638195587e-06 8.273805326627892840e-09
5.376000000000000000e+03 6.031928251295739750e-06 8.144573888813256682e-09
5.478000000000000000e+03 6.006114375714677407e-06 7.993722197441791193e-09
5.581000000000000000e+03 5.972619579926107897e-06 7.915784232483667445e-09
5.683000000000000000e+03 5.954678483804412696e-06 7.821099457973603006e-09
5.785000000000000000e+03 5.932245273247115024e-06 7.719980031642832375e-09
5.888000000000000000e+03 5.903333034985372972e-06 7.579615215520562354e-09
5.990000000000000000e+03 5.883510309591148208e-06 7.528298624139402245e-09
6.092000000000000000e+03 5.896769106140830637e-06 7.476329027367981178e-09
