6.100000000000000000e+01 1.496323984356804650e-05 1.886521568713336319e-07
1.630000000000000000e+02 1.135146927718795906e-05 8.798373425325417260e-08
2.660000000000000000e+02 9.864798421872527018e-06 5.962715780038719581e-08
3.680000000000000000e+02 8.634569753199357843e-06 4.455780307865018000e-08
4.700000000000000000e+02 8.098988642359592559e-06 3.691901337302023597e-08
5.720000000000000000e+02 7.753506657970605180e-06 3.207821415800246856e-08
6.740000000000000000e+02 7.451395648637590309e-06 2.824657003228776767e-08
7.770000000000000000e+02 7.224025281979023031e-06 2.563130734379843923e-08
8.790000000000000000e+02 7.126940039267621311e-06 2.378327400437245681e-08
9.810000000000000000e+02 7.025015593950899301e-06 2.219849283970983059e-08
1.083000000000000000e+03 6.968750717343830938e-06 2.096003225069307307e-08
1.186000000000000000e+03 6.900731467656280877e-06 1.973972431119700450e-08
1.288000000000000000e+03 6.841155206478691528e-06 1.885960091890079076e-08
1.390000000000000000e+03 6.820109011853854853e-06 1.810072173831133665e-08
1.492000000000000000e+03 6.785221696313706901e-06 1.737751883612080746e-08
1.594000000000000000e+03 6.720574079725183201e-06 1.666410298117046348e-08
1.696000000000000000e+03 6.715224142140822832e-06 1.605605462735590098e-08
1.799000000000000000e+03 6.688223624779229563e-06 1.561173289761960282e-08
1.901000000000000000e+03 6.699839586140510933e-06 1.521049443762324871e-08
2.003000000000000000e+03 6.630003660904730488e-06 1.465968733810296963e-08
2.106000000000000000e+03 6.610737466239898618e-06 1.419114684087137619e-08
2.208000000000000000e+03 6.603350005672556837e-06 1.391116767693374617e-08
2.310000000000000000e+03 6.632160828908822727e-06 1.365565825411974764e-08
2.412000000000000000e+03 6.593226585089703349e-06 1.328961211338730509e-08
2.514000000000000000e+03 6.607454329001723371e-06 1.304111351290375507e-08
2.616000000000000000e+03 6.581229219531632596e-06 1.267832491866318195e-08
2.719000000000000000e+03 6.574815012447704306e-06 1.247954690308125050e-08
2.821000000000000000e+03 6.554271087706701523e-06 1.221651168452035476e-08
2.923000000000000000e+03 6.554941542529358157e-06 1.200119290829929798e-08
3.025000000000000000e+03 6.531170651179448784e-06 1.175249564344775343e-08
3.128000000000000000e+03 6.555076779424343046e-06 1.154627681747454631e-08
3.230000000000000000e+03 6.551621517769327100e-06 1.141053523884000540e-08
3.332000000000000000e+03 6.522243751802228283e-06 1.118609306931666487e-08
3.434000000000000000e+03 6.549993815883684147e-06 1.106627419203880948e-08
3.536000000000000000e+03 6.546582895722481438e-06 1.084484028115078645e-08
3.639000000000000000e+03 6.526186705806304037e-06 1.071033803292710202e-08
3.741000000000000000e+03 6.513921139320241274e-06 1.054493854627374380e-08
3.843000000000000000e+03 6.517725845307604170e-06 1.040469934108499856e-08
3.945000000000000000e+03 6.509716542657276163e-06 1.026174187727103879e-08
4.048000000000000000e+03 6.516067340600282794e-06 1.008786550029440107e-08
4.150000000000000000e+03 6.479176862195943998e-06 9.957863902517167042e-09
4.252000000000000000e+03 6.489464778719599598e-06 9.853492192355779462e-09
4.354000000000000000e+03 6.456239915958166387e-06 9.684615093434801576e-09
4.456000000000000000e+03 6.442435655282497126e-06 9.507926818143754763e-09
4.559000000000000000e+03 6.415300735116019829e-06 9.405911845602548228e-09
4.661000000000000000e+03 6.388847532699851422e-06 9.265544407894332586e-09
4.763000000000000000e+03 6.348894568116865231e-06 9.106914134469068595e-09
4.865000000000000000e+03 6.324363267005584289e-06 8.978396270460591189e-09
4.968000000000000000e+03 6.308359048490083228e-06 8.816061922297383853e-09
5.070000000000000000e+03 6.245403985929254339e-06 8.685452418151021017e-09
5.172000000000000000e+03 6.232508282543861449e-06 8.579237806812472542e-09
5.274000000000000000e+03 6.217299755737809556e-06 8.475264466062067945e-09
5.376000000000000000e+03 6.173171747252518877e-06 8.335636876081795707e-09
5.478000000000000000e+03 6.157632829206021813e-06 8.196949491740147622e-09
5.581000000000000000e+03 6.134919056557459491e-06 8.129945191903057946e-09
5.683000000000000000e+03 6.095663282642975442e-06 8.005615852468305117e-09
5.785000000000000000e+03 6.062609835514112980e-06 7.889409405734904573e-09
5.888000000000000000e+03 6.051384765075356175e-06 7.771662304015955186e-09
5.990000000000000000e+03 6.030686732714747010e-06 7.712537882959593905e-09
6.092000000000000000e+03 6.042641534671440968e-06 7.664928213386983257e-09
