6.100000000000000000e+01 1.453010130449117628e-05 1.826900004483544212e-07
1.630000000000000000e+02 1.121875035324569701e-05 8.688117939736952910e-08
2.660000000000000000e+02 9.618265794391513129e-06 5.804386563368947518e-08
3.680000000000000000e+02 8.427941469650107736e-06 4.350576079111821347e-08
4.700000000000000000e+02 7.950129040112166443e-06 3.622836183683494633e-08
5.720000000000000000e+02 7.505853722704531561e-06 3.105094763232915094e-08
6.740000000000000000e+02 7.235223109948496973e-06 2.742313965905614123e-08
7.770000000000000000e+02 7.118390272158006980e-06 2.526003293512805917e-08
8.790000000000000000e+02 6.971857035662842463e-06 2.326880398229007152e-08
9.810000000000000000e+02 6.913917747936174794e-06 2.183840111880619661e-08
1.083000000000000000e+03 6.784876407920402631e-06 2.039921342716355393e-08
1.186000000000000000e+03 6.728482483622455842e-06 1.925066871848838673e-08
1.288000000000000000e+03 6.692417180014414525e-06 1.845321327962829517e-08
1.390000000000000000e+03 6.670205185813789195e-06 1.770437998928554899e-08
1.492000000000000000e+03 6.653594006422246544e-06 1.705538252327238642e-08
1.594000000000000000e+03 6.600942346834882961e-06 1.635511739074258922e-08
1.696000000000000000e+03 6.575938410720528792e-06 1.572733766172143225e-08
1.799000000000000000e+03 6.522884509630346963e-06 1.521814959667990123e-08
1.901000000000000000e+03 6.527073392907331300e-06 1.482129997273183114e-08
2.003000000000000000e+03 6.518085371192973467e-06 1.441163718775502910e-08
2.106000000000000000e+03 6.481336785115625951e-06 1.391381565604020983e-08
2.208000000000000000e+03 6.471400554306815335e-06 1.363085022120325960e-08
2.310000000000000000e+03 6.442230540321706664e-06 1.327052010073979004e-08
2.412000000000000000e+03 6.447199063837262809e-06 1.299357618758124562e-08
2.514000000000000000e+03 6.445270090937547383e-06 1.272323570548353566e-08
2.616000000000000000e+03 6.432263327469038432e-06 1.238648077146651919e-08
2.719000000000000000e+03 6.400641085386886565e-06 1.215245659135177395e-08
2.821000000000000000e+03 6.406540718251476555e-06 1.194089481867265643e-08
2.923000000000000000e+03 6.434483645844951619e-06 1.178054958298894478e-08
3.025000000000000000e+03 6.412979780728330781e-06 1.154134456788151773e-08
3.128000000000000000e+03 6.389909478807099878e-06 1.125622517626715325e-08
3.230000000000000000e+03 6.399836109403546533e-06 1.114842256654995491e-08
3.332000000000000000e+03 6.376429023478377513e-06 1.093758696766562312e-08
3.434000000000000000e+03 6.375497755473600469e-06 1.076860036493732462e-08
3.536000000000000000e+03 6.377816020455875077e-06 1.056697770772334478e-08
3.639000000000000000e+03 6.375458312814695518e-06 1.045887205832751769e-08
3.741000000000000000e+03 6.354219767009216883e-06 1.028752980564784186e-08
3.843000000000000000e+03 6.361765168023055050e-06 1.015776161414516978e-08
3.945000000000000000e+03 6.364290126344881497e-06 1.002921448065183905e-08
4.048000000000000000e+03 6.352641786299231885e-06 9.839829339464086517e-09
4.150000000000000000e+03 6.340775382118630546e-06 9.743233548710975462e-09
4.252000000000000000e+03 6.324540546518854778e-06 9.601295229307587348e-09
4.354000000000000000e+03 6.314604032574006150e-06 9.473284517799339808e-09
4.456000000000000000e+03 6.271435979627317649e-06 9.254276738959409655e-09
4.559000000000000000e+03 6.274946445968571665e-06 9.201899071145100896e-09
4.661000000000000000e+03 6.242807357733087616e-06 9.054452279639686865e-09
4.763000000000000000e+03 6.217499827423510210e-06 8.919655183924587598e-09
4.865000000000000000e+03 6.188378307907477314e-06 8.781806845200101816e-09
4.968000000000000000e+03 6.144946943819532281e-06 8.591399662336943700e-09
5.070000000000000000e+03 6.109740647361181505e-06 8.494287242706629001e-09
5.172000000000000000e+03 6.087847557347280975e-06 8.380685572916362822e-09
5.274000000000000000e+03 6.055989015709899776e-06 8.256359810383973927e-09
5.376000000000000000e+03 6.035497454026290568e-06 8.148606998441753361e-09
5.478000000000000000e+03 6.003408381879379228e-06 7.991402440918187481e-09
5.581000000000000000e+03 5.981165203002971066e-06 7.927474537284872785e-09
5.683000000000000000e+03 5.959099558433808482e-06 7.825336709138762927e-09
5.785000000000000000e+03 5.925740122353624749e-06 7.712398903829303216e-09
5.888000000000000000e+03 5.904074485605499409e-06 7.580515773525925371e-09
5.990000000000000000e+03 5.884551474708057183e-06 7.529020981286799739e-09
6.092000000000000000e+03 5.899150335124513986e-06 7.480510950043405209e-09
