6.100000000000000000e+01 1.495084269043868400e-05 1.879314498368749357e-07
1.630000000000000000e+02 1.126098977393107250e-05 8.735728750199327034e-08
2.660000000000000000e+02 9.651398705653995303e-06 5.838162814684896400e-08
3.680000000000000000e+02 8.496854536628051376e-06 4.379077025851499580e-08
4.700000000000000000e+02 7.908357252522093216e-06 3.607407274162371946e-08
5.720000000000000000e+02 7.495644640516818854e-06 3.099984763613730152e-08
6.740000000000000000e+02 7.279151389804417309e-06 2.758201032988958916e-08
7.770000000000000000e+02 7.121383099284494556e-06 2.527430285333414994e-08
8.790000000000000000e+02 6.965782858291327394e-06 2.323834148723290138e-08
9.810000000000000000e+02 6.892588150768199888e-06 2.177869036138896585e-08
1.083000000000000000e+03 6.798200811763908586e-06 2.043426636592211265e-08
1.186000000000000000e+03 6.732559711546571508e-06 1.925007463042171533e-08
1.288000000000000000e+03 6.676128410310955803e-06 1.841496146543104266e-08
1.390000000000000000e+03 6.664601226225973675e-06 1.768577997100622404e-08
1.492000000000000000e+03 6.619584594221862415e-06 1.696973422713133920e-08
1.594000000000000000e+03 6.563146265065286236e-06 1.626813856073054506e-08
1.696000000000000000e+03 6.579006137393949681e-06 1.573170092757617384e-08
1.799000000000000000e+03 6.525049375961738423e-06 1.522731350939399274e-08
1.901000000000000000e+03 6.495610989078230331e-06 1.474375675006355453e-08
2.003000000000000000e+03 6.501859788286455307e-06 1.438428915596544822e-08
2.106000000000000000e+03 6.511192862713062152e-06 1.396998434259749237e-08
2.208000000000000000e+03 6.468134670607167341e-06 1.362788679268794009e-08
2.310000000000000000e+03 6.474160432583737233e-06 1.332880892391710361e-08
2.412000000000000000e+03 6.447511476901303422e-06 1.299555614127673623e-08
2.514000000000000000e+03 6.428298971163920049e-06 1.269056854369190069e-08
2.616000000000000000e+03 6.419045734187931160e-06 1.236550206234260406e-08
2.719000000000000000e+03 6.392973970315135060e-06 1.213729283351615119e-08
2.821000000000000000e+03 6.420623754704537834e-06 1.196304796607134726e-08
2.923000000000000000e+03 6.396746985970765579e-06 1.171004574165967933e-08
3.025000000000000000e+03 6.399639847120470020e-06 1.151904007864274913e-08
3.128000000000000000e+03 6.396120427909279846e-06 1.126635182799696288e-08
3.230000000000000000e+03 6.391826963364874712e-06 1.113713893905006382e-08
3.332000000000000000e+03 6.378868592966367632e-06 1.093743783651165912e-08
3.434000000000000000e+03 6.375865980830475212e-06 1.077254054843751856e-08
3.536000000000000000e+03 6.382242295473972817e-06 1.056866898966036534e-08
3.639000000000000000e+03 6.364361514131968945e-06 1.044437457525443145e-08
3.741000000000000000e+03 6.344462110800468131e-06 1.026797933739553654e-08
3.843000000000000000e+03 6.368016378022837457e-06 1.017018212889362515e-08
3.945000000000000000e+03 6.368330866285056684e-06 1.003970659911436255e-08
4.048000000000000000e+03 6.351124045714164751e-06 9.834652682307202456e-09
4.150000000000000000e+03 6.334192512986660614e-06 9.731564585520483859e-09
4.252000000000000000e+03 6.323136676894849783e-06 9.600968016051953434e-09
4.354000000000000000e+03 6.293053038229999987e-06 9.443342705595081733e-09
4.456000000000000000e+03 6.306207365167549262e-06 9.305417377813135280e-09
4.559000000000000000e+03 6.269985221518937878e-06 9.193184212350260653e-09
4.661000000000000000e+03 6.249819440649787002e-06 9.063734824409683772e-09
4.763000000000000000e+03 6.207208664392625743e-06 8.902564737491311684e-09
4.865000000000000000e+03 6.193876681511506796e-06 8.792368233571044254e-09
4.968000000000000000e+03 6.149865047929317252e-06 8.596612350972391008e-09
5.070000000000000000e+03 6.114792423479111089e-06 8.502977309592784926e-09
5.172000000000000000e+03 6.100948913932222632e-06 8.400176105806988884e-09
5.274000000000000000e+03 6.063002354266210680e-06 8.263898347580276949e-09
5.376000000000000000e+03 6.030212454424973322e-06 8.141988994188578931e-09
5.478000000000000000e+03 6.003320337610895571e-06 7.991659694794360908e-09
5.581000000000000000e+03 5.986403162727787873e-06 7.933432591883508175e-09
5.683000000000000000e+03 5.975719004683894538e-06 7.846777106360321570e-09
5.785000000000000000e+03 5.918466398035187059e-06 7.705485084772092258e-09
5.888000000000000000e+03 5.909561917054092322e-06 7.586760056045410614e-09
5.990000000000000000e+03 5.895556176719300582e-06 7.542692736995892540e-09
6.092000000000000000e+03 5.895348480727089493e-06 7.474049169247147436e-09
