6.100000000000000000e+01 1.479690674480570669e-05 1.857223132283598419e-07
1.630000000000000000e+02 1.123513570057901872e-05 8.732177212398741173e-08
2.660000000000000000e+02 9.621961385785504848e-06 5.809734400848628860e-08
3.680000000000000000e+02 8.370695445673329843e-06 4.310839921068452602e-08
4.700000000000000000e+02 7.985538169769718214e-06 3.638780514222272339e-08
5.720000000000000000e+02 7.570044913320579229e-06 3.134152837898789080e-08
6.740000000000000000e+02 7.281749609184922490e-06 2.759268482485877564e-08
7.770000000000000000e+02 7.089916591117080517e-06 2.516010300713885461e-08
8.790000000000000000e+02 6.932686447247268602e-06 2.313163762864358235e-08
9.810000000000000000e+02 6.918813510456553115e-06 2.185164321247103629e-08
1.083000000000000000e+03 6.808064764744283365e-06 2.047317134472182829e-08
1.186000000000000000e+03 6.749731836759336887e-06 1.930402478088748900e-08
1.288000000000000000e+03 6.705618039998787914e-06 1.849085314826780301e-08
1.390000000000000000e+03 6.636582655686865359e-06 1.762070726683408458e-08
1.492000000000000000e+03 6.615832462724400000e-06 1.694021787672370977e-08
1.594000000000000000e+03 6.571994548639202457e-06 1.629286430437107759e-08
1.696000000000000000e+03 6.547801010564233501e-06 1.566261967624744806e-08
1.799000000000000000e+03 6.539066233691082756e-06 1.525440969261303432e-08
1.901000000000000000e+03 6.521762069549585803e-06 1.481004735276744289e-08
2.003000000000000000e+03 6.508744773083912732e-06 1.439108831880933404e-08
2.106000000000000000e+03 6.494059558449025979e-06 1.394330405212689277e-08
2.208000000000000000e+03 6.450845054263393672e-06 1.358890601451489879e-08
2.310000000000000000e+03 6.467340533052028439e-06 1.331930797059398293e-08
2.412000000000000000e+03 6.458262685230285091e-06 1.301762852345487852e-08
2.514000000000000000e+03 6.423976172601849301e-06 1.268224132830293575e-08
2.616000000000000000e+03 6.413349108657026429e-06 1.234981377484875286e-08
2.719000000000000000e+03 6.422498063385646675e-06 1.218977640361237730e-08
2.821000000000000000e+03 6.414837799557730092e-06 1.195312286243683241e-08
2.923000000000000000e+03 6.393699189332734660e-06 1.170862023965206124e-08
3.025000000000000000e+03 6.415398117335908140e-06 1.154599320457128538e-08
3.128000000000000000e+03 6.379930464454758513e-06 1.123796242097519834e-08
3.230000000000000000e+03 6.380193551903193272e-06 1.111664084867030556e-08
3.332000000000000000e+03 6.380732276445078901e-06 1.094058030923464639e-08
3.434000000000000000e+03 6.373405497932461061e-06 1.076542552482897993e-08
3.536000000000000000e+03 6.367106130151322853e-06 1.054809803032529758e-08
3.639000000000000000e+03 6.362415908919367825e-06 1.044140948958364591e-08
3.741000000000000000e+03 6.375506896591322821e-06 1.031722743703270764e-08
3.843000000000000000e+03 6.374050088169320919e-06 1.017849454608996344e-08
3.945000000000000000e+03 6.351663296359910598e-06 1.001099923510487934e-08
4.048000000000000000e+03 6.357371409511966459e-06 9.844903868056052214e-09
4.150000000000000000e+03 6.331641551709503733e-06 9.731825192686171188e-09
4.252000000000000000e+03 6.319171879221173589e-06 9.591557176177231705e-09
4.354000000000000000e+03 6.311200088242659827e-06 9.469910121696232015e-09
4.456000000000000000e+03 6.283146692776349320e-06 9.273391320534876546e-09
4.559000000000000000e+03 6.254993078437668618e-06 9.171214596468554653e-09
4.661000000000000000e+03 6.240379054675942498e-06 9.046473443122135432e-09
4.763000000000000000e+03 6.212445200507188583e-06 8.912132520316822966e-09
4.865000000000000000e+03 6.185753584603400334e-06 8.781707451581015821e-09
4.968000000000000000e+03 6.135089121708422525e-06 8.574977631180882717e-09
5.070000000000000000e+03 6.099990977063960120e-06 8.480938748229856125e-09
5.172000000000000000e+03 6.084419034449937913e-06 8.376979469950455266e-09
5.274000000000000000e+03 6.056701886097421736e-06 8.256978908817501124e-09
5.376000000000000000e+03 6.043084382407628776e-06 8.160023941142935603e-09
5.478000000000000000e+03 6.029390016652774013e-06 8.024812777744178483e-09
5.581000000000000000e+03 5.976604955852897760e-06 7.919782252700438661e-09
5.683000000000000000e+03 5.954207978473450365e-06 7.820342724077114946e-09
5.785000000000000000e+03 5.929189366427278663e-06 7.718704125547434647e-09
5.888000000000000000e+03 5.896235098502588298e-06 7.570658334954138750e-09
5.990000000000000000e+03 5.877195457405926316e-06 7.518006989208215073e-09
6.092000000000000000e+03 5.889407906455073938e-06 7.467837131946346020e-09
