6.100000000000000000e+01 1.478470516229424651e-05 1.852645211711670096e-07
1.630000000000000000e+02 1.133722500474571269e-05 8.771446512889503495e-08
2.660000000000000000e+02 9.829278792605075657e-06 5.932429013373905328e-08
3.680000000000000000e+02 8.664530591605159636e-06 4.472691308920404679e-08
4.700000000000000000e+02 8.082507360488633537e-06 3.681941759329099063e-08
5.720000000000000000e+02 7.679009048166571019e-06 3.177062618833268069e-08
6.740000000000000000e+02 7.385578952491174024e-06 2.799631223815204969e-08
7.770000000000000000e+02 7.181929762707764610e-06 2.549010817632976027e-08
8.790000000000000000e+02 7.049685364379010275e-06 2.352577691215334954e-08
9.810000000000000000e+02 6.976995697332721558e-06 2.204983793024538779e-08
1.083000000000000000e+03 6.904294528708842659e-06 2.074681948826714856e-08
1.186000000000000000e+03 6.832479375861191582e-06 1.954571205101854734e-08
1.288000000000000000e+03 6.769479854831174927e-06 1.866427479078077014e-08
1.390000000000000000e+03 6.750435431637432187e-06 1.792112842587279015e-08
1.492000000000000000e+03 6.731955182617843127e-06 1.724783912182228848e-08
1.594000000000000000e+03 6.711108320260419122e-06 1.664070907564749323e-08
1.696000000000000000e+03 6.677712067282235056e-06 1.595986010131605301e-08
1.799000000000000000e+03 6.639102952820443954e-06 1.549221505900481777e-08
1.901000000000000000e+03 6.598361410513876034e-06 1.497758066299646294e-08
2.003000000000000000e+03 6.542528685309281603e-06 1.447035504590291294e-08
2.106000000000000000e+03 6.565748182746807942e-06 1.409287561290777718e-08
2.208000000000000000e+03 6.548658304080554553e-06 1.379719430534668716e-08
2.310000000000000000e+03 6.534567749448729980e-06 1.346168168319685602e-08
2.412000000000000000e+03 6.527758735313659178e-06 1.315400353440801289e-08
2.514000000000000000e+03 6.501015055989069544e-06 1.283499681735074474e-08
2.616000000000000000e+03 6.524118503760577803e-06 1.256521159070353213e-08
2.719000000000000000e+03 6.493705197479234598e-06 1.232637297062330468e-08
2.821000000000000000e+03 6.494256596538555737e-06 1.209912782531917539e-08
2.923000000000000000e+03 6.479565679990331746e-06 1.186836862330388726e-08
3.025000000000000000e+03 6.457421873161034768e-06 1.162162582158513211e-08
3.128000000000000000e+03 6.470680258863118003e-06 1.139678612923979312e-08
3.230000000000000000e+03 6.464452588102380943e-06 1.125960781379847967e-08
3.332000000000000000e+03 6.466649715896604787e-06 1.108905241771608558e-08
3.434000000000000000e+03 6.455726036151285887e-06 1.090596757733374056e-08
3.536000000000000000e+03 6.482542579588271750e-06 1.073982511627629334e-08
3.639000000000000000e+03 6.451151020374367334e-06 1.058453846951030984e-08
3.741000000000000000e+03 6.453791676347809331e-06 1.044448291553354779e-08
3.843000000000000000e+03 6.442282586001009098e-06 1.028867174711003684e-08
3.945000000000000000e+03 6.438196701251109095e-06 1.014855441591077010e-08
4.048000000000000000e+03 6.430674535107157884e-06 9.956274745528035637e-09
4.150000000000000000e+03 6.426693651011922591e-06 9.876158158887862301e-09
4.252000000000000000e+03 6.413800877819294323e-06 9.739853764108386306e-09
4.354000000000000000e+03 6.397865064755285392e-06 9.598067279812307350e-09
4.456000000000000000e+03 6.377201617344842305e-06 9.412235602844094274e-09
4.559000000000000000e+03 6.348242496239222057e-06 9.307074268947989623e-09
4.661000000000000000e+03 6.331313836641765158e-06 9.182151136106517405e-09
4.763000000000000000e+03 6.295391022380291265e-06 9.030863060375927078e-09
4.865000000000000000e+03 6.260890764172295409e-06 8.885148354185034243e-09
4.968000000000000000e+03 6.228984397662987125e-06 8.707928453139185641e-09
5.070000000000000000e+03 6.196828032321117546e-06 8.617656276618315019e-09
5.172000000000000000e+03 6.177996548289196262e-06 8.503378807823254291e-09
5.274000000000000000e+03 6.136263684222628204e-06 8.365291675444388603e-09
5.376000000000000000e+03 6.116781096583485914e-06 8.260452132529824912e-09
5.478000000000000000e+03 6.101864424035972312e-06 8.120875912742115685e-09
5.581000000000000000e+03 6.062554536578739097e-06 8.033905019024147079e-09
5.683000000000000000e+03 6.026479805736795140e-06 7.916421357243045592e-09
5.785000000000000000e+03 6.019912918252838714e-06 7.836698710755211639e-09
5.888000000000000000e+03 5.991155235017552059e-06 7.689852946921329695e-09
5.990000000000000000e+03 5.967617253797359605e-06 7.636217352168737188e-09
6.092000000000000000e+03 5.994673627262424054e-06 7.600135367647117041e-09
