6.100000000000000000e+01 1.122624937275239494e-05 1.411477641604999638e-07
1.630000000000000000e+02 8.835478357414978056e-06 6.844034495143738118e-08
2.660000000000000000e+02 7.752715736852906086e-06 4.679868527537026214e-08
3.680000000000000000e+02 6.939221889559903686e-06 3.574731912285510278e-08
4.700000000000000000e+02 6.640327757933633993e-06 3.029858906799817401e-08
5.720000000000000000e+02 6.420141443942372688e-06 2.655689452926411015e-08
6.740000000000000000e+02 6.270246520879879929e-06 2.377075663455163204e-08
7.770000000000000000e+02 6.140184251631937225e-06 2.179729261923469601e-08
8.790000000000000000e+02 6.102001154068175072e-06 2.034915940991738960e-08
9.810000000000000000e+02 5.995878677048313170e-06 1.894087037858815097e-08
1.083000000000000000e+03 5.942077039729040060e-06 1.787083616606060650e-08
1.186000000000000000e+03 5.931657561560092911e-06 1.696178615578081832e-08
1.288000000000000000e+03 5.914554224707224285e-06 1.631598315022087616e-08
1.390000000000000000e+03 5.857181599930454965e-06 1.554428666322486402e-08
1.492000000000000000e+03 5.872294061162436392e-06 1.504081622685097400e-08
1.594000000000000000e+03 5.837710309616724738e-06 1.447084953903574268e-08
1.696000000000000000e+03 5.802426726136120193e-06 1.387857601485268823e-08
1.799000000000000000e+03 5.803715599832721011e-06 1.353870186010082298e-08
1.901000000000000000e+03 5.785530164056328186e-06 1.313453811447241469e-08
2.003000000000000000e+03 5.787409984454022009e-06 1.279943358631896727e-08
2.106000000000000000e+03 5.772275212602358228e-06 1.239348617166297598e-08
2.208000000000000000e+03 5.783085106544597848e-06 1.218361712315984664e-08
2.310000000000000000e+03 5.783022568096256893e-06 1.190942083598955587e-08
2.412000000000000000e+03 5.742077265416537401e-06 1.157340285277236101e-08
2.514000000000000000e+03 5.742737050714370247e-06 1.133774669735078601e-08
2.616000000000000000e+03 5.752220886126989209e-06 1.107849579927248892e-08
2.719000000000000000e+03 5.745100277030724750e-06 1.089909954306295401e-08
2.821000000000000000e+03 5.753496035920386179e-06 1.072593543585301916e-08
2.923000000000000000e+03 5.754629446871025383e-06 1.053517360677396447e-08
3.025000000000000000e+03 5.719438922762105382e-06 1.029570782604539245e-08
3.128000000000000000e+03 5.743329888988761599e-06 1.011591630759779704e-08
3.230000000000000000e+03 5.738785848160127686e-06 9.996158572778739955e-09
3.332000000000000000e+03 5.721383414822269251e-06 9.811688268000233799e-09
3.434000000000000000e+03 5.722600086115418144e-06 9.666711137449825043e-09
3.536000000000000000e+03 5.731830802079518228e-06 9.495945651091740610e-09
3.639000000000000000e+03 5.722177729784424538e-06 9.390976330051523177e-09
3.741000000000000000e+03 5.725995920290206535e-06 9.269306167626538217e-09
3.843000000000000000e+03 5.717579220226143939e-06 9.127796022281327639e-09
3.945000000000000000e+03 5.694375816754337476e-06 8.974603696672740792e-09
4.048000000000000000e+03 5.710868198888370563e-06 8.843938528464568562e-09
4.150000000000000000e+03 5.709638110195072434e-06 8.776435100441094093e-09
4.252000000000000000e+03 5.684642282240468868e-06 8.629745777864979551e-09
4.354000000000000000e+03 5.666351234710934654e-06 8.498969410169642051e-09
4.456000000000000000e+03 5.658297804374606011e-06 8.352732555183223267e-09
4.559000000000000000e+03 5.644931864769966835e-06 8.274694108104199228e-09
4.661000000000000000e+03 5.611562917891015805e-06 8.137932168438448635e-09
4.763000000000000000e+03 5.592138067607862522e-06 8.023157550660743475e-09
4.865000000000000000e+03 5.560169561418362861e-06 7.890388580307638362e-09
4.968000000000000000e+03 5.538434974481338556e-06 7.743203641604639380e-09
5.070000000000000000e+03 5.507457708292658038e-06 7.656605063260359690e-09
5.172000000000000000e+03 5.481967974663072918e-06 7.547182962960541390e-09
5.274000000000000000e+03 5.451493792872176860e-06 7.431861400114550917e-09
5.376000000000000000e+03 5.438977081481315582e-06 7.342447649910409814e-09
5.478000000000000000e+03 5.394163507515981798e-06 7.181330473699557721e-09
5.581000000000000000e+03 5.377319452480133005e-06 7.125421813999752015e-09
5.683000000000000000e+03 5.358149589421978041e-06 7.037332045652414354e-09
5.785000000000000000e+03 5.339073813180116505e-06 6.949776803704564125e-09
5.888000000000000000e+03 5.324698383234239959e-06 6.836399064479028787e-09
5.990000000000000000e+03 5.282014459679527559e-06 6.757249975451687350e-09
6.092000000000000000e+03 5.291206822913463858e-06 6.709332356310178690e-09
