6.100000000000000000e+01 1.079895451557844699e-05 1.352529910503256095e-07
1.630000000000000000e+02 8.708551737848675012e-06 6.742804501575374522e-08
2.660000000000000000e+02 7.709341472343928111e-06 4.654107784308225428e-08
3.680000000000000000e+02 6.904990793685695105e-06 3.563102314626707931e-08
4.700000000000000000e+02 6.562766923577764195e-06 2.993836028371207310e-08
5.720000000000000000e+02 6.308465886432566975e-06 2.608610456346718415e-08
6.740000000000000000e+02 6.201923298975262185e-06 2.351869163268392895e-08
7.770000000000000000e+02 6.116691256186477550e-06 2.171229924424958901e-08
8.790000000000000000e+02 5.973021613404140357e-06 1.992509890256795724e-08
9.810000000000000000e+02 5.960061400032517241e-06 1.882622107871427906e-08
1.083000000000000000e+03 5.925810598753443205e-06 1.782159629763443986e-08
1.186000000000000000e+03 5.876987845805403472e-06 1.679856100562667718e-08
1.288000000000000000e+03 5.842073453658286571e-06 1.611561578483220762e-08
1.390000000000000000e+03 5.832986651757323539e-06 1.548249998366589258e-08
1.492000000000000000e+03 5.774138848232789017e-06 1.479164070169769952e-08
1.594000000000000000e+03 5.784065874143138304e-06 1.434576665936423621e-08
1.696000000000000000e+03 5.761211948905843010e-06 1.377397101404704929e-08
1.799000000000000000e+03 5.724706656359796740e-06 1.335537726803977498e-08
1.901000000000000000e+03 5.705287086431618543e-06 1.295367025616051661e-08
2.003000000000000000e+03 5.733389570305523188e-06 1.268068092910305156e-08
2.106000000000000000e+03 5.710698232843089753e-06 1.225624425736839086e-08
2.208000000000000000e+03 5.698256857950267443e-06 1.200294182852919594e-08
2.310000000000000000e+03 5.705952767436363802e-06 1.175267758776671431e-08
2.412000000000000000e+03 5.714173445305464205e-06 1.151536381937801548e-08
2.514000000000000000e+03 5.693124617288227107e-06 1.123957153756203582e-08
2.616000000000000000e+03 5.680810265214782317e-06 1.093953149739636819e-08
2.719000000000000000e+03 5.703810285452904560e-06 1.082553850814719360e-08
2.821000000000000000e+03 5.668879205096966537e-06 1.056875246298483298e-08
2.923000000000000000e+03 5.665964777256321559e-06 1.037308772432071753e-08
3.025000000000000000e+03 5.661385451945856675e-06 1.018918862086862867e-08
3.128000000000000000e+03 5.689831059330720036e-06 1.002250862213358337e-08
3.230000000000000000e+03 5.678589582152988386e-06 9.889862593902948082e-09
3.332000000000000000e+03 5.672739811001115134e-06 9.730346880610279138e-09
3.434000000000000000e+03 5.653939074665111717e-06 9.549655393018174250e-09
3.536000000000000000e+03 5.671389427349697026e-06 9.397346646061263902e-09
3.639000000000000000e+03 5.659134513405141680e-06 9.287893422494077555e-09
3.741000000000000000e+03 5.673698096923553339e-06 9.180431000951987502e-09
3.843000000000000000e+03 5.641023074770659717e-06 9.010288053517890902e-09
3.945000000000000000e+03 5.650858503447636055e-06 8.904323013567070896e-09
4.048000000000000000e+03 5.642782719191512552e-06 8.739809952297251600e-09
4.150000000000000000e+03 5.637844719844669464e-06 8.662794818692533499e-09
4.252000000000000000e+03 5.649335599697175374e-06 8.577408165917537326e-09
4.354000000000000000e+03 5.624540249435264709e-06 8.437038255086706970e-09
4.456000000000000000e+03 5.586918632205053617e-06 8.246107665286542822e-09
4.559000000000000000e+03 5.581728482419028092e-06 8.183168955749134859e-09
4.661000000000000000e+03 5.560613117330481556e-06 8.062535964928539734e-09
4.763000000000000000e+03 5.513304651727177196e-06 7.910580081105713148e-09
4.865000000000000000e+03 5.514038792536481195e-06 7.825571459148462005e-09
4.968000000000000000e+03 5.485630717162067030e-06 7.668321162811902930e-09
5.070000000000000000e+03 5.441978437299965890e-06 7.566699254512927134e-09
5.172000000000000000e+03 5.418972886075888459e-06 7.460847157408222803e-09
5.274000000000000000e+03 5.404706693315051081e-06 7.368713159843074633e-09
5.376000000000000000e+03 5.368969773648031990e-06 7.248544417580807021e-09
5.478000000000000000e+03 5.355166951568963108e-06 7.129132012576061522e-09
5.581000000000000000e+03 5.322645353132018724e-06 7.052000731353728008e-09
5.683000000000000000e+03 5.298704777852127477e-06 6.959401290004963430e-09
5.785000000000000000e+03 5.291864572158893979e-06 6.887683010026395239e-09
5.888000000000000000e+03 5.269413361446589204e-06 6.766163111638082858e-09
5.990000000000000000e+03 5.244370516168636969e-06 6.709350205590475209e-09
6.092000000000000000e+03 5.254966871937803833e-06 6.661650348731020314e-09
