6.100000000000000000e+01 1.098350085722165158e-05 1.376507564973438731e-07
1.630000000000000000e+02 8.725047726621761162e-06 6.750669643177323760e-08
2.660000000000000000e+02 7.647270986497445538e-06 4.615339131814018705e-08
3.680000000000000000e+02 6.919286791239014931e-06 3.569145295986604429e-08
4.700000000000000000e+02 6.595083730801912167e-06 3.006252310111429942e-08
5.720000000000000000e+02 6.317432697316389027e-06 2.610931693832113621e-08
6.740000000000000000e+02 6.150496429216714532e-06 2.332348247588358870e-08
7.770000000000000000e+02 6.074873648288680025e-06 2.156484703479297919e-08
8.790000000000000000e+02 6.014627729551875085e-06 2.007131424710431525e-08
9.810000000000000000e+02 5.968447249621205578e-06 1.884862579968927662e-08
1.083000000000000000e+03 5.891186757287964681e-06 1.771436191434817586e-08
1.186000000000000000e+03 5.869403138545170975e-06 1.678811066704857049e-08
1.288000000000000000e+03 5.852532310132347176e-06 1.613644060412548839e-08
1.390000000000000000e+03 5.811108408598788074e-06 1.543394773666530935e-08
1.492000000000000000e+03 5.799547431294487859e-06 1.484551001979975616e-08
1.594000000000000000e+03 5.778290614149709109e-06 1.432845461612798739e-08
1.696000000000000000e+03 5.766633230255751043e-06 1.378529218741548710e-08
1.799000000000000000e+03 5.752227020324528744e-06 1.342354308661074497e-08
1.901000000000000000e+03 5.744833381611407335e-06 1.304107809728836384e-08
2.003000000000000000e+03 5.714913480271473104e-06 1.263826658959866307e-08
2.106000000000000000e+03 5.726360758907473072e-06 1.229016988746476348e-08
2.208000000000000000e+03 5.693483549627306812e-06 1.199823331042410449e-08
2.310000000000000000e+03 5.719420439238414320e-06 1.177830603160041326e-08
2.412000000000000000e+03 5.698754733562599689e-06 1.148202753018289114e-08
2.514000000000000000e+03 5.712698694966409624e-06 1.128142806327502315e-08
2.616000000000000000e+03 5.689348675228813628e-06 1.095463599652459331e-08
2.719000000000000000e+03 5.694507072351577643e-06 1.081123338889119262e-08
2.821000000000000000e+03 5.677277140142005418e-06 1.057730446267590393e-08
2.923000000000000000e+03 5.671668101331350459e-06 1.038650914444295151e-08
3.025000000000000000e+03 5.673214942068296634e-06 1.021166383236677443e-08
3.128000000000000000e+03 5.701525209019577293e-06 1.004322489862959819e-08
3.230000000000000000e+03 5.670352821859689967e-06 9.877860517985792759e-09
3.332000000000000000e+03 5.659040403292230253e-06 9.702604547450941797e-09
3.434000000000000000e+03 5.660219337303121521e-06 9.560447079742900504e-09
3.536000000000000000e+03 5.664055819218340151e-06 9.386037056839597360e-09
3.639000000000000000e+03 5.633931147879768206e-06 9.244552258569501587e-09
3.741000000000000000e+03 5.649899955583291290e-06 9.142320996779128919e-09
3.843000000000000000e+03 5.648139067781759445e-06 9.018606203091588957e-09
3.945000000000000000e+03 5.656371577491014288e-06 8.916295926191372370e-09
4.048000000000000000e+03 5.648187450389733818e-06 8.747464945014470603e-09
4.150000000000000000e+03 5.621806674664569740e-06 8.638249526287074710e-09
4.252000000000000000e+03 5.615596725846467920e-06 8.524192022385180684e-09
4.354000000000000000e+03 5.620716327506536573e-06 8.433851295643933086e-09
4.456000000000000000e+03 5.611475697389021706e-06 8.281533711360557657e-09
4.559000000000000000e+03 5.573489647929226812e-06 8.171991681809238865e-09
4.661000000000000000e+03 5.549830562676319710e-06 8.048853208180961180e-09
4.763000000000000000e+03 5.523294893047569499e-06 7.924787965843055680e-09
4.865000000000000000e+03 5.495996357714328931e-06 7.799889931735856233e-09
4.968000000000000000e+03 5.477149739218389392e-06 7.653325041000130337e-09
5.070000000000000000e+03 5.450999806881205140e-06 7.580653121227400495e-09
5.172000000000000000e+03 5.422519457579465326e-06 7.464329427820931802e-09
5.274000000000000000e+03 5.394911151156674955e-06 7.354895740667437512e-09
5.376000000000000000e+03 5.375756154173038913e-06 7.258704669254785218e-09
5.478000000000000000e+03 5.350361528000253943e-06 7.121350030670327265e-09
5.581000000000000000e+03 5.334234089943448158e-06 7.070930206634684343e-09
5.683000000000000000e+03 5.304125624571189420e-06 6.965296801528570361e-09
5.785000000000000000e+03 5.286823047200075320e-06 6.881532670795782097e-09
5.888000000000000000e+03 5.256551489775187075e-06 6.749394363897112129e-09
5.990000000000000000e+03 5.228522266523084439e-06 6.686720977288954902e-09
6.092000000000000000e+03 5.255610818142203476e-06 6.665505689156038894e-09
