6.100000000000000000e+01 1.125300067685436571e-05 1.411397156317393839e-07
1.630000000000000000e+02 8.796797797254706777e-06 6.819895088293334490e-08
2.660000000000000000e+02 7.798473344184063473e-06 4.709029076957768692e-08
3.680000000000000000e+02 6.985002518982428690e-06 3.602407961569206396e-08
4.700000000000000000e+02 6.627670438305378885e-06 3.022109801374956942e-08
5.720000000000000000e+02 6.456095118178726685e-06 2.668186012489363033e-08
6.740000000000000000e+02 6.268406119073967843e-06 2.375890579142539708e-08
7.770000000000000000e+02 6.161392229947118013e-06 2.186901935284889691e-08
8.790000000000000000e+02 6.063389124212079453e-06 2.023621335878169121e-08
9.810000000000000000e+02 6.012594400080036833e-06 1.899572676225489079e-08
1.083000000000000000e+03 5.969040260504682429e-06 1.796298291564064497e-08
1.186000000000000000e+03 5.956377468438586305e-06 1.701658037703346730e-08
1.288000000000000000e+03 5.913975441010966324e-06 1.631192876691845779e-08
1.390000000000000000e+03 5.888006279038147620e-06 1.562888849489933605e-08
1.492000000000000000e+03 5.893972565583145050e-06 1.510100063287198306e-08
1.594000000000000000e+03 5.887708345196621404e-06 1.459286776787822225e-08
1.696000000000000000e+03 5.850053056726665408e-06 1.398785691490809582e-08
1.799000000000000000e+03 5.842076133095762230e-06 1.363162611859090826e-08
1.901000000000000000e+03 5.865029091983883330e-06 1.331246036484565433e-08
2.003000000000000000e+03 5.829639732597132581e-06 1.289184338163688681e-08
2.106000000000000000e+03 5.811486116848144467e-06 1.248046975134206078e-08
2.208000000000000000e+03 5.794278232875870575e-06 1.220663854853709086e-08
2.310000000000000000e+03 5.795800714404851574e-06 1.193222728519047949e-08
2.412000000000000000e+03 5.802655659483603856e-06 1.169946999199356368e-08
2.514000000000000000e+03 5.800322432134098261e-06 1.144655747607825872e-08
2.616000000000000000e+03 5.779199765150941664e-06 1.113079942950615395e-08
2.719000000000000000e+03 5.775938879909611894e-06 1.096593586325732687e-08
2.821000000000000000e+03 5.785821746995256564e-06 1.078081156764799204e-08
2.923000000000000000e+03 5.766215060534130454e-06 1.055787632205642652e-08
3.025000000000000000e+03 5.768924722567199990e-06 1.038599175115534236e-08
3.128000000000000000e+03 5.777620280633242936e-06 1.017532350631267088e-08
3.230000000000000000e+03 5.764609287650308019e-06 1.004199527352496616e-08
3.332000000000000000e+03 5.754589823473205082e-06 9.867499168442669459e-09
3.434000000000000000e+03 5.746516367447633757e-06 9.708736650887818622e-09
3.536000000000000000e+03 5.750973918975320446e-06 9.525735359025794070e-09
3.639000000000000000e+03 5.747245544719249390e-06 9.430713344132254355e-09
3.741000000000000000e+03 5.762785515892634010e-06 9.328699403640551401e-09
3.843000000000000000e+03 5.765209008743152768e-06 9.206021170360158224e-09
3.945000000000000000e+03 5.746051237908164969e-06 9.054492887052902383e-09
4.048000000000000000e+03 5.732831889997917825e-06 8.878550533888463352e-09
4.150000000000000000e+03 5.720464356881859122e-06 8.793271767845830605e-09
4.252000000000000000e+03 5.713746016972522660e-06 8.672270103727871316e-09
4.354000000000000000e+03 5.721055540324624774e-06 8.582434336842889007e-09
4.456000000000000000e+03 5.696359808478761763e-06 8.407560808497129003e-09
4.559000000000000000e+03 5.647078980740630454e-06 8.281809062089700089e-09
4.661000000000000000e+03 5.658572479924728876e-06 8.203926254776427748e-09
4.763000000000000000e+03 5.611795070330942027e-06 8.050593625406677069e-09
4.865000000000000000e+03 5.595717205315031989e-06 7.942131042583735696e-09
4.968000000000000000e+03 5.578090050270788934e-06 7.797332384896992618e-09
5.070000000000000000e+03 5.530967695616169337e-06 7.690424909200198399e-09
5.172000000000000000e+03 5.498274117742387498e-06 7.568367481733021487e-09
5.274000000000000000e+03 5.492704899128367876e-06 7.487472711466804091e-09
5.376000000000000000e+03 5.475408628531603468e-06 7.393967529417471925e-09
5.478000000000000000e+03 5.431617844636906674e-06 7.230888750030777377e-09
5.581000000000000000e+03 5.422084708466864386e-06 7.185153158875170193e-09
5.683000000000000000e+03 5.389825955402475190e-06 7.079290756641975040e-09
5.785000000000000000e+03 5.370501114518591785e-06 6.990200623542026245e-09
5.888000000000000000e+03 5.361854786923108745e-06 6.884141324630401412e-09
5.990000000000000000e+03 5.330014962686834943e-06 6.819249432425474858e-09
6.092000000000000000e+03 5.348148839727802379e-06 6.780209286353183232e-09
