6.100000000000000000e+01 1.092873869091250820e-05 1.368604005366051835e-07
1.630000000000000000e+02 8.705531080421193910e-06 6.741671946460156903e-08
2.660000000000000000e+02 7.604975668384601521e-06 4.597161656992282936e-08
3.680000000000000000e+02 6.935030559705875845e-06 3.570871083242970141e-08
4.700000000000000000e+02 6.571089640104775618e-06 2.998070745088517174e-08
5.720000000000000000e+02 6.301665742783343461e-06 2.605674155432890001e-08
6.740000000000000000e+02 6.232806155199644236e-06 2.361823979928725533e-08
7.770000000000000000e+02 6.082877764174957243e-06 2.159295601527194719e-08
8.790000000000000000e+02 6.028680604701357604e-06 2.010804742218794105e-08
9.810000000000000000e+02 5.946707213262628467e-06 1.879485608303206329e-08
1.083000000000000000e+03 5.930343628344800082e-06 1.782805518647218267e-08
1.186000000000000000e+03 5.839637342362312518e-06 1.671123921395243924e-08
1.288000000000000000e+03 5.851381782211082922e-06 1.612855517037775123e-08
1.390000000000000000e+03 5.821728122534012599e-06 1.545352180436988967e-08
1.492000000000000000e+03 5.793848489947154295e-06 1.484408865661402839e-08
1.594000000000000000e+03 5.779522624874431296e-06 1.432761050030003916e-08
1.696000000000000000e+03 5.726652928861102248e-06 1.368994094206416721e-08
1.799000000000000000e+03 5.759184762746503107e-06 1.343804316375751474e-08
1.901000000000000000e+03 5.740035008174977562e-06 1.303123563536882357e-08
2.003000000000000000e+03 5.742603202086116410e-06 1.269772038553827313e-08
2.106000000000000000e+03 5.718887210842290810e-06 1.228147266259508069e-08
2.208000000000000000e+03 5.710909444610081183e-06 1.202679245446357737e-08
2.310000000000000000e+03 5.718515283941976902e-06 1.177786140444247453e-08
2.412000000000000000e+03 5.697767827878747738e-06 1.148324533852781284e-08
2.514000000000000000e+03 5.704725188484452115e-06 1.126135529536195677e-08
2.616000000000000000e+03 5.709935848800423029e-06 1.099343220843958155e-08
2.719000000000000000e+03 5.692067755192666244e-06 1.080908814884343956e-08
2.821000000000000000e+03 5.666216723797845588e-06 1.055929989924181958e-08
2.923000000000000000e+03 5.672112001183530115e-06 1.038489890244249979e-08
3.025000000000000000e+03 5.686358581564393180e-06 1.023542588187001459e-08
3.128000000000000000e+03 5.678745156159599062e-06 1.000163278163423747e-08
3.230000000000000000e+03 5.667762741108817073e-06 9.875157757120583044e-09
3.332000000000000000e+03 5.674651856115679201e-06 9.729995575892881852e-09
3.434000000000000000e+03 5.661970907306050564e-06 9.565696515304724289e-09
3.536000000000000000e+03 5.672441070690549758e-06 9.396163417555008669e-09
3.639000000000000000e+03 5.638450252517115152e-06 9.254988012482099496e-09
3.741000000000000000e+03 5.671538971904014390e-06 9.176522594849801525e-09
3.843000000000000000e+03 5.656523265526786707e-06 9.032674213867635912e-09
3.945000000000000000e+03 5.643135462035713783e-06 8.896667679035703089e-09
4.048000000000000000e+03 5.641033228554671597e-06 8.735341750261987009e-09
4.150000000000000000e+03 5.643804323585274969e-06 8.671302003484366650e-09
4.252000000000000000e+03 5.628829961291817200e-06 8.547482889780081408e-09
4.354000000000000000e+03 5.608699444010428959e-06 8.412698020217096843e-09
4.456000000000000000e+03 5.591199966217021720e-06 8.252153426396202851e-09
4.559000000000000000e+03 5.592541880530764093e-06 8.200171904048360067e-09
4.661000000000000000e+03 5.567604069945560775e-06 8.073893879705544835e-09
4.763000000000000000e+03 5.540978071231239723e-06 7.948797267865739325e-09
4.865000000000000000e+03 5.515009705325770226e-06 7.827691364025254983e-09
4.968000000000000000e+03 5.499962056819220902e-06 7.690268557010592379e-09
5.070000000000000000e+03 5.443044206482503714e-06 7.566552239037168121e-09
5.172000000000000000e+03 5.417707073104345521e-06 7.459329785777000011e-09
5.274000000000000000e+03 5.413606375358468658e-06 7.379485642843627471e-09
5.376000000000000000e+03 5.381407859573277484e-06 7.266822047468099581e-09
5.478000000000000000e+03 5.344519897990211055e-06 7.114447200640394453e-09
5.581000000000000000e+03 5.336073001675927458e-06 7.070345676495337777e-09
5.683000000000000000e+03 5.306601939981262772e-06 6.969479051705853130e-09
5.785000000000000000e+03 5.286683910835518386e-06 6.880250008159340681e-09
5.888000000000000000e+03 5.263250889857600648e-06 6.759112790776033615e-09
5.990000000000000000e+03 5.242679201879865690e-06 6.706238615187230189e-09
6.092000000000000000e+03 5.256531022224958049e-06 6.665178217133923263e-09
