6.100000000000000000e+01 1.096516089373429199e-05 1.370388729417428768e-07
1.630000000000000000e+02 8.767219499319634025e-06 6.784991726006646347e-08
2.660000000000000000e+02 7.649078087260189869e-06 4.617285172097544080e-08
3.680000000000000000e+02 6.906143364016638275e-06 3.560583616473274305e-08
4.700000000000000000e+02 6.578146027737496294e-06 3.001487236506575410e-08
5.720000000000000000e+02 6.315968007683368241e-06 2.611821463218420625e-08
6.740000000000000000e+02 6.205515030344782029e-06 2.351160180319759023e-08
7.770000000000000000e+02 6.059514540303303843e-06 2.151308271480014087e-08
8.790000000000000000e+02 5.989338092684099479e-06 1.997588725227876112e-08
9.810000000000000000e+02 5.952331848933033126e-06 1.881047178818101762e-08
1.083000000000000000e+03 5.877064726400056384e-06 1.766901034804814831e-08
1.186000000000000000e+03 5.867530410287031650e-06 1.678491055892997209e-08
1.288000000000000000e+03 5.822904807908271678e-06 1.606304456802157534e-08
1.390000000000000000e+03 5.827909375639542434e-06 1.546344723475882203e-08
1.492000000000000000e+03 5.790927080798796840e-06 1.484486648296016082e-08
1.594000000000000000e+03 5.765556176189191338e-06 1.429052545094636459e-08
1.696000000000000000e+03 5.782293909491547119e-06 1.382718156804447801e-08
1.799000000000000000e+03 5.749676308690582799e-06 1.341616976046848467e-08
1.901000000000000000e+03 5.730827366944188261e-06 1.300939078444029731e-08
2.003000000000000000e+03 5.747747658883628922e-06 1.270975303522527463e-08
2.106000000000000000e+03 5.727621168323042842e-06 1.229807150980840823e-08
2.208000000000000000e+03 5.719898523501320588e-06 1.204626440846279622e-08
2.310000000000000000e+03 5.700897692343750124e-06 1.174246396369393370e-08
2.412000000000000000e+03 5.718347482793952814e-06 1.152702993067312355e-08
2.514000000000000000e+03 5.709256360388246660e-06 1.126688734723077854e-08
2.616000000000000000e+03 5.687322342350091953e-06 1.095433857186259658e-08
2.719000000000000000e+03 5.687847019248405521e-06 1.079576032090055208e-08
2.821000000000000000e+03 5.680728981544420768e-06 1.058547689490630944e-08
2.923000000000000000e+03 5.667085884398425197e-06 1.037810504009966708e-08
3.025000000000000000e+03 5.677771094660515919e-06 1.021864397229245651e-08
3.128000000000000000e+03 5.669692375052448368e-06 9.987213170922917820e-09
3.230000000000000000e+03 5.681197716567862426e-06 9.897489799838802196e-09
3.332000000000000000e+03 5.681145338410329490e-06 9.739455991866649182e-09
3.434000000000000000e+03 5.665631908191163197e-06 9.570072699247944604e-09
3.536000000000000000e+03 5.679685772869436619e-06 9.408382897567142938e-09
3.639000000000000000e+03 5.666456619406130437e-06 9.299945660998830958e-09
3.741000000000000000e+03 5.655428899271444415e-06 9.154362872325452008e-09
3.843000000000000000e+03 5.662484504027938646e-06 9.043290173218340392e-09
3.945000000000000000e+03 5.657896813952119931e-06 8.917874810485019482e-09
4.048000000000000000e+03 5.637687085586766709e-06 8.730425014706208436e-09
4.150000000000000000e+03 5.634457747687776509e-06 8.657203633336099736e-09
4.252000000000000000e+03 5.614047382862521038e-06 8.524500882167952985e-09
4.354000000000000000e+03 5.622631990533104288e-06 8.435370082886770944e-09
4.456000000000000000e+03 5.611685785940162091e-06 8.280700210221851556e-09
4.559000000000000000e+03 5.573083742179142122e-06 8.172464965580516403e-09
4.661000000000000000e+03 5.572381636297321361e-06 8.080541966658535862e-09
4.763000000000000000e+03 5.526891821988841776e-06 7.929063587626673222e-09
4.865000000000000000e+03 5.512436199296160480e-06 7.822667509759157790e-09
4.968000000000000000e+03 5.477046780553158365e-06 7.655572170246086865e-09
5.070000000000000000e+03 5.447221545793223308e-06 7.575466241052315085e-09
5.172000000000000000e+03 5.420848921047424265e-06 7.463136977420155735e-09
5.274000000000000000e+03 5.409436335555238168e-06 7.374572377813323603e-09
5.376000000000000000e+03 5.369100840916246185e-06 7.248129403700828071e-09
5.478000000000000000e+03 5.356697725058161520e-06 7.130958288370007914e-09
5.581000000000000000e+03 5.332104138017715406e-06 7.065474675979457372e-09
5.683000000000000000e+03 5.299446696812638766e-06 6.959854669397232278e-09
5.785000000000000000e+03 5.289808496700437016e-06 6.886208084585337662e-09
5.888000000000000000e+03 5.267653614499539438e-06 6.764552970945454173e-09
5.990000000000000000e+03 5.249373036138020739e-06 6.713715966505439732e-09
6.092000000000000000e+03 5.254442456252934938e-06 6.663500110962032010e-09
