6.100000000000000000e+01 1.100734139409633355e-05 1.381174749346039688e-07
1.630000000000000000e+02 8.831851088952478079e-06 6.835485940079551331e-08
2.660000000000000000e+02 7.608427258123069926e-06 4.588118333326768179e-08
3.680000000000000000e+02 6.929701266965676905e-06 3.572202852318232364e-08
4.700000000000000000e+02 6.593158058601476337e-06 3.006483239799711555e-08
5.720000000000000000e+02 6.274593311698786947e-06 2.593988313385578461e-08
6.740000000000000000e+02 6.212543298741329550e-06 2.354327719599351444e-08
7.770000000000000000e+02 6.065722690033649382e-06 2.152249199034966471e-08
8.790000000000000000e+02 5.990141112119621904e-06 2.000311390466972449e-08
9.810000000000000000e+02 5.946335419919492361e-06 1.877410604351517675e-08
1.083000000000000000e+03 5.912696634487798245e-06 1.778212252464919910e-08
1.186000000000000000e+03 5.876651795863912345e-06 1.680305659775757936e-08
1.288000000000000000e+03 5.837121844829630257e-06 1.609499674979490651e-08
1.390000000000000000e+03 5.825358735472345464e-06 1.546060597494639537e-08
1.492000000000000000e+03 5.782342525079772388e-06 1.482621801493905711e-08
1.594000000000000000e+03 5.787219968128770878e-06 1.434217940251297761e-08
1.696000000000000000e+03 5.755246468154308202e-06 1.375782012442778044e-08
1.799000000000000000e+03 5.756811330090280058e-06 1.343742055538044332e-08
1.901000000000000000e+03 5.758517875369178197e-06 1.306469103099098567e-08
2.003000000000000000e+03 5.730284973488660531e-06 1.267604921126196109e-08
2.106000000000000000e+03 5.729763292550134354e-06 1.230252655990091833e-08
2.208000000000000000e+03 5.713726563869023548e-06 1.203061024793058535e-08
2.310000000000000000e+03 5.702811737671561990e-06 1.174889853144746195e-08
2.412000000000000000e+03 5.703555285038384373e-06 1.149073473460899026e-08
2.514000000000000000e+03 5.684898001749967457e-06 1.122863844081344516e-08
2.616000000000000000e+03 5.688039004610503269e-06 1.095073761802120728e-08
2.719000000000000000e+03 5.684791587679168227e-06 1.079256129313146298e-08
2.821000000000000000e+03 5.696453031169171103e-06 1.061587774340837519e-08
2.923000000000000000e+03 5.662074911794975690e-06 1.036927139090103037e-08
3.025000000000000000e+03 5.670629439112838479e-06 1.020581697885699894e-08
3.128000000000000000e+03 5.660494437388013399e-06 9.971142004704607288e-09
3.230000000000000000e+03 5.668823934295882629e-06 9.873460952953065223e-09
3.332000000000000000e+03 5.662443515603481089e-06 9.711252260694381809e-09
3.434000000000000000e+03 5.676563206827998992e-06 9.586911906427615346e-09
3.536000000000000000e+03 5.652307406389610640e-06 9.364791371019870664e-09
3.639000000000000000e+03 5.641482614520095953e-06 9.258271667661329124e-09
3.741000000000000000e+03 5.652385435260991263e-06 9.148694044298219864e-09
3.843000000000000000e+03 5.660630790713973123e-06 9.040156335789311298e-09
3.945000000000000000e+03 5.664288471452030487e-06 8.925942821209617271e-09
4.048000000000000000e+03 5.656815880294992562e-06 8.760152181688961756e-09
4.150000000000000000e+03 5.629033305192723526e-06 8.649846756418813673e-09
4.252000000000000000e+03 5.628076673360966409e-06 8.543590733848902832e-09
4.354000000000000000e+03 5.619314079121249024e-06 8.432274332818012373e-09
4.456000000000000000e+03 5.599602089145893791e-06 8.264137364491061525e-09
4.559000000000000000e+03 5.585099124906052405e-06 8.188286789831302336e-09
4.661000000000000000e+03 5.533644364823401833e-06 8.025643468372127950e-09
4.763000000000000000e+03 5.516436651195747088e-06 7.912533473073790048e-09
4.865000000000000000e+03 5.492403980752315776e-06 7.794901230461537764e-09
4.968000000000000000e+03 5.466602319327725454e-06 7.642818227573712643e-09
5.070000000000000000e+03 5.462406901877139823e-06 7.593890894015439261e-09
5.172000000000000000e+03 5.432650098629094463e-06 7.479223150436062651e-09
5.274000000000000000e+03 5.390577566564138175e-06 7.350584769076932213e-09
5.376000000000000000e+03 5.379630538289469854e-06 7.261559480899069696e-09
5.478000000000000000e+03 5.346221629197629043e-06 7.115808747002448082e-09
5.581000000000000000e+03 5.305182313106888089e-06 7.031820335282491862e-09
5.683000000000000000e+03 5.300002444946560215e-06 6.959519165896463891e-09
5.785000000000000000e+03 5.291827289318976605e-06 6.886761535699632899e-09
5.888000000000000000e+03 5.266671854772580954e-06 6.764190411255533149e-09
5.990000000000000000e+03 5.244030937932174150e-06 6.706876711368076838e-09
6.092000000000000000e+03 5.255611468915935492e-06 6.664365286460078213e-09
