6.100000000000000000e+01 5.730519109750318316e-04 7.156316307036531219e-06
1.630000000000000000e+02 5.756955416142838953e-04 4.446342379580260546e-06
2.660000000000000000e+02 5.734283678523374164e-04 3.460041432595716007e-06
3.680000000000000000e+02 5.696666613226707013e-04 2.933561015483562104e-06
4.700000000000000000e+02 5.674578056024586013e-04 2.588085833883049643e-06
5.720000000000000000e+02 5.602481404609286481e-04 2.315875505772787659e-06
6.740000000000000000e+02 5.634204990664319753e-04 2.135487604295189351e-06
7.770000000000000000e+02 5.656434803847248428e-04 2.007375525074299281e-06
8.790000000000000000e+02 5.646291033532243936e-04 1.884788989246732562e-06
9.810000000000000000e+02 5.657604858339423080e-04 1.787258123058569203e-06
1.083000000000000000e+03 5.654652411365355654e-04 1.700043705515345924e-06
1.186000000000000000e+03 5.640480458587503274e-04 1.613657452501591875e-06
1.288000000000000000e+03 5.662832490172766331e-04 1.561529482767465644e-06
1.390000000000000000e+03 5.674325417244235501e-04 1.505494686805296691e-06
1.492000000000000000e+03 5.669392415464643903e-04 1.452584745230575823e-06
1.594000000000000000e+03 5.676916746567542329e-04 1.406840280142482191e-06
1.696000000000000000e+03 5.641238590905837524e-04 1.349478347499510440e-06
1.799000000000000000e+03 5.670059028295009211e-04 1.322563793073541836e-06
1.901000000000000000e+03 5.683165407910767668e-04 1.290278083662799435e-06
2.003000000000000000e+03 5.672636728742759711e-04 1.254591080394258751e-06
2.106000000000000000e+03 5.676348633235534001e-04 1.217989744855511840e-06
2.208000000000000000e+03 5.665731254451163287e-04 1.194126053184869059e-06
2.310000000000000000e+03 5.670785242861440612e-04 1.167845254939080767e-06
2.412000000000000000e+03 5.666661781239178087e-04 1.141824446995583227e-06
2.514000000000000000e+03 5.664416084538430752e-04 1.118621290999457494e-06
2.616000000000000000e+03 5.687217734004321353e-04 1.095142780517537208e-06
2.719000000000000000e+03 5.678775512280189028e-04 1.078015377006181514e-06
2.821000000000000000e+03 5.671219017616088189e-04 1.056724085109694576e-06
2.923000000000000000e+03 5.679749563228036688e-04 1.039908216629983864e-06
3.025000000000000000e+03 5.656087191470426934e-04 1.018213631225222725e-06
3.128000000000000000e+03 5.670158793514586517e-04 9.987282967437760408e-07
3.230000000000000000e+03 5.671626736611671757e-04 9.877240573076605834e-07
3.332000000000000000e+03 5.668320458726552533e-04 9.717925444427672153e-07
3.434000000000000000e+03 5.659398012671802139e-04 9.559967634465659818e-07
3.536000000000000000e+03 5.666341910672556548e-04 9.386269659024529201e-07
3.639000000000000000e+03 5.673373949080072346e-04 9.314376099215031742e-07
3.741000000000000000e+03 5.657499826681352791e-04 9.156150710458389908e-07
3.843000000000000000e+03 5.671058933054821428e-04 9.054290141189976986e-07
3.945000000000000000e+03 5.659019558646355462e-04 8.920521359005801595e-07
4.048000000000000000e+03 5.658753531611661900e-04 8.762091539290153938e-07
4.150000000000000000e+03 5.649791021542021566e-04 8.683101591415971400e-07
4.252000000000000000e+03 5.644727944759471601e-04 8.570080896235005542e-07
4.354000000000000000e+03 5.643216756653344525e-04 8.466283580738665976e-07
4.456000000000000000e+03 5.616704036560097755e-04 8.289769300507980313e-07
4.559000000000000000e+03 5.600236434466776547e-04 8.211423814800133206e-07
4.661000000000000000e+03 5.580408603927165898e-04 8.092595058618368459e-07
4.763000000000000000e+03 5.570163484766001366e-04 7.988645239275499310e-07
4.865000000000000000e+03 5.521495925676719483e-04 7.838417954269300259e-07
4.968000000000000000e+03 5.496956067947689466e-04 7.683784251807258148e-07
5.070000000000000000e+03 5.475299617833735873e-04 7.614213104768761997e-07
5.172000000000000000e+03 5.441738082083455268e-04 7.489084314045946312e-07
5.274000000000000000e+03 5.407039061828431900e-04 7.370787753103346440e-07
5.376000000000000000e+03 5.402609197372087915e-04 7.296029867328026141e-07
5.478000000000000000e+03 5.370456637799054904e-04 7.149030252176231895e-07
5.581000000000000000e+03 5.340789380787878309e-04 7.077159661177805847e-07
5.683000000000000000e+03 5.333425293422635076e-04 7.004229386751047256e-07
5.785000000000000000e+03 5.313545684692038340e-04 6.916988516019142591e-07
5.888000000000000000e+03 5.298957143263720955e-04 6.803210811275340422e-07
5.990000000000000000e+03 5.270258662727943591e-04 6.741872626918693207e-07
6.092000000000000000e+03 5.297340960392205424e-04 6.717868875591756219e-07
