6.100000000000000000e+01 5.872350969865127585e-04 7.353235230924804403e-06
1.630000000000000000e+02 5.784168704000852311e-04 4.470418491889328541e-06
2.660000000000000000e+02 5.728133488310100090e-04 3.455693526696604794e-06
3.680000000000000000e+02 5.696038933501868093e-04 2.934985676413093717e-06
4.700000000000000000e+02 5.709266001878752312e-04 2.603243179227730261e-06
5.720000000000000000e+02 5.679025538039800085e-04 2.348513762351620945e-06
6.740000000000000000e+02 5.691451333919889284e-04 2.156356153514153117e-06
7.770000000000000000e+02 5.671453876931855168e-04 2.013457355437405133e-06
8.790000000000000000e+02 5.674721353575591090e-04 1.892857963492291307e-06
9.810000000000000000e+02 5.670929529472196673e-04 1.792050107422317420e-06
1.083000000000000000e+03 5.676219229307530138e-04 1.705985686026065758e-06
1.186000000000000000e+03 5.681226413153326596e-04 1.625249428689473028e-06
1.288000000000000000e+03 5.684550475477385782e-04 1.566723240101773116e-06
1.390000000000000000e+03 5.641735124404672914e-04 1.497465549073196063e-06
1.492000000000000000e+03 5.648876205696913653e-04 1.447250962236596937e-06
1.594000000000000000e+03 5.648736413639416894e-04 1.401210929915242148e-06
1.696000000000000000e+03 5.679631959151748132e-04 1.357477109684501722e-06
1.799000000000000000e+03 5.674187732115521660e-04 1.324087400457399683e-06
1.901000000000000000e+03 5.678082858253127949e-04 1.288812123095473831e-06
2.003000000000000000e+03 5.665484749434157022e-04 1.253003889875985098e-06
2.106000000000000000e+03 5.677338434149862417e-04 1.218327426266151528e-06
2.208000000000000000e+03 5.673510154156580177e-04 1.195444800686921602e-06
2.310000000000000000e+03 5.660999598019837969e-04 1.165555876714534480e-06
2.412000000000000000e+03 5.694019828144936124e-04 1.147982870884050161e-06
2.514000000000000000e+03 5.642179776301309247e-04 1.113539599657582361e-06
2.616000000000000000e+03 5.670951196739931451e-04 1.092334675218315972e-06
2.719000000000000000e+03 5.667871318631818520e-04 1.076068325233692088e-06
2.821000000000000000e+03 5.691206448934715226e-04 1.060540438903031559e-06
2.923000000000000000e+03 5.673606075049270493e-04 1.038821746972590985e-06
3.025000000000000000e+03 5.656435521821367171e-04 1.018030054333518166e-06
3.128000000000000000e+03 5.640799043904396988e-04 9.936136154574499360e-07
3.230000000000000000e+03 5.664091971317550701e-04 9.866396410529750492e-07
3.332000000000000000e+03 5.663285769131493627e-04 9.713953346391911174e-07
3.434000000000000000e+03 5.680609975436576005e-04 9.594038951316040606e-07
3.536000000000000000e+03 5.666978073340597517e-04 9.388508562209567509e-07
3.639000000000000000e+03 5.671921134542649715e-04 9.308319359214449596e-07
3.741000000000000000e+03 5.663304765169945715e-04 9.164723913544775095e-07
3.843000000000000000e+03 5.661176161150037293e-04 9.042033345113048551e-07
3.945000000000000000e+03 5.661236330326943796e-04 8.921147401945121179e-07
4.048000000000000000e+03 5.655058136556721359e-04 8.758047799443622396e-07
4.150000000000000000e+03 5.651187161265338113e-04 8.685051996262947197e-07
4.252000000000000000e+03 5.661884266379329025e-04 8.593765501295581778e-07
4.354000000000000000e+03 5.628197697766303435e-04 8.446886965568664685e-07
4.456000000000000000e+03 5.615284989748037985e-04 8.285482785583895213e-07
4.559000000000000000e+03 5.601490057602851727e-04 8.213792864719373415e-07
4.661000000000000000e+03 5.599945099010786818e-04 8.119027016530620466e-07
4.763000000000000000e+03 5.561208142647416875e-04 7.977468884792633586e-07
4.865000000000000000e+03 5.548237268027355869e-04 7.874278120861921220e-07
4.968000000000000000e+03 5.498596207024430927e-04 7.688185750639784009e-07
5.070000000000000000e+03 5.468199684246038928e-04 7.601930528167405475e-07
5.172000000000000000e+03 5.445728273561341272e-04 7.496821225481870660e-07
5.274000000000000000e+03 5.427483052484357012e-04 7.398154008092531133e-07
5.376000000000000000e+03 5.410279153711524888e-04 7.305604344241798968e-07
5.478000000000000000e+03 5.397642186479202761e-04 7.185385419497957541e-07
5.581000000000000000e+03 5.363438055602158614e-04 7.107641027331610643e-07
5.683000000000000000e+03 5.329498149383105282e-04 7.000678600560572368e-07
5.785000000000000000e+03 5.311859961301038493e-04 6.913780706732903179e-07
5.888000000000000000e+03 5.289688627672484806e-04 6.791448985073303952e-07
5.990000000000000000e+03 5.283045896327273573e-04 6.758500608620620244e-07
6.092000000000000000e+03 5.279338803332670740e-04 6.694332550674371981e-07
