6.100000000000000000e+01 5.739930009434271582e-04 7.153294479859165597e-06
1.630000000000000000e+02 5.672161810287982327e-04 4.379437402350976458e-06
2.660000000000000000e+02 5.671107233178554908e-04 3.421347188752181600e-06
3.680000000000000000e+02 5.646074562544454219e-04 2.906055881991050523e-06
4.700000000000000000e+02 5.684739543926793648e-04 2.590921210958918493e-06
5.720000000000000000e+02 5.706248259012369848e-04 2.359245800734658692e-06
6.740000000000000000e+02 5.689181996017011241e-04 2.156085672685555965e-06
7.770000000000000000e+02 5.667775001504775367e-04 2.009475983874844220e-06
8.790000000000000000e+02 5.674827778331836175e-04 1.894519203201468607e-06
9.810000000000000000e+02 5.686935672107449507e-04 1.795836632448458554e-06
1.083000000000000000e+03 5.678154197048809271e-04 1.707476473587246094e-06
1.186000000000000000e+03 5.679982643817803626e-04 1.624247575061436088e-06
1.288000000000000000e+03 5.664363856551165883e-04 1.562074649210895203e-06
1.390000000000000000e+03 5.694128892440590735e-04 1.510735566566977435e-06
1.492000000000000000e+03 5.623609977628204202e-04 1.441082564117547971e-06
1.594000000000000000e+03 5.673063097896894041e-04 1.406127481811369075e-06
1.696000000000000000e+03 5.697733321862516855e-04 1.362338906722179825e-06
1.799000000000000000e+03 5.661972696617822163e-04 1.321730825063921228e-06
1.901000000000000000e+03 5.674295809893051051e-04 1.288158944006044794e-06
2.003000000000000000e+03 5.644171672606254891e-04 1.247678239381065807e-06
2.106000000000000000e+03 5.687089075138150899e-04 1.221025634325730610e-06
2.208000000000000000e+03 5.667647997593694984e-04 1.193863210490436810e-06
2.310000000000000000e+03 5.678182156855156619e-04 1.169184669909511302e-06
2.412000000000000000e+03 5.671959919370457874e-04 1.143475525150683547e-06
2.514000000000000000e+03 5.672307385706534767e-04 1.119903266155597681e-06
2.616000000000000000e+03 5.671850543456860442e-04 1.092184851298139608e-06
2.719000000000000000e+03 5.657215951775584287e-04 1.073964798707905672e-06
2.821000000000000000e+03 5.670282953838441404e-04 1.056811475039215510e-06
2.923000000000000000e+03 5.666660339625783673e-04 1.037559167754672293e-06
3.025000000000000000e+03 5.689859725068550358e-04 1.024106160999566611e-06
3.128000000000000000e+03 5.685087993328576204e-04 1.001510354469992470e-06
3.230000000000000000e+03 5.651937224017438604e-04 9.846420929459698627e-07
3.332000000000000000e+03 5.681893403557377112e-04 9.740914562556460283e-07
3.434000000000000000e+03 5.673258602352281368e-04 9.585735715793681769e-07
3.536000000000000000e+03 5.672831923353754057e-04 9.393983264570704366e-07
3.639000000000000000e+03 5.666559816305505011e-04 9.300530943387801383e-07
3.741000000000000000e+03 5.673891456870228415e-04 9.186275892553763077e-07
3.843000000000000000e+03 5.670179971978194997e-04 9.051828994106009589e-07
3.945000000000000000e+03 5.646466582680837332e-04 8.901661482297903896e-07
4.048000000000000000e+03 5.670689199590231303e-04 8.780438531273196864e-07
4.150000000000000000e+03 5.638983370579324144e-04 8.666402861877241155e-07
4.252000000000000000e+03 5.655502337863365942e-04 8.584871321672760158e-07
4.354000000000000000e+03 5.629091100754095084e-04 8.444254319028061967e-07
4.456000000000000000e+03 5.624971973475716798e-04 8.302944355192833418e-07
4.559000000000000000e+03 5.602568543469887410e-04 8.213402275980878441e-07
4.661000000000000000e+03 5.578144145724651254e-04 8.088642820523199810e-07
4.763000000000000000e+03 5.559635134606206227e-04 7.975173337719632468e-07
4.865000000000000000e+03 5.517670066292961698e-04 7.832048708228104082e-07
4.968000000000000000e+03 5.495140989961957599e-04 7.681992761580281088e-07
5.070000000000000000e+03 5.471442812944152289e-04 7.606590481780757310e-07
5.172000000000000000e+03 5.444976844651098222e-04 7.495730958860434849e-07
5.274000000000000000e+03 5.423935227503274637e-04 7.393902956609132498e-07
5.376000000000000000e+03 5.412384702825024860e-04 7.309603943358057638e-07
5.478000000000000000e+03 5.369791490164619674e-04 7.145962282557363811e-07
5.581000000000000000e+03 5.357348986855029176e-04 7.100211369292552752e-07
5.683000000000000000e+03 5.347605095753816835e-04 7.021935165615543748e-07
5.785000000000000000e+03 5.307292079996812472e-04 6.909221458239845399e-07
5.888000000000000000e+03 5.284640182959707234e-04 6.785037326925262291e-07
5.990000000000000000e+03 5.272932805211404637e-04 6.745010627582112716e-07
6.092000000000000000e+03 5.290279404011067601e-04 6.708285118656368389e-07
