6.100000000000000000e+01 5.704987621028206413e-04 7.133686377222699377e-06
1.630000000000000000e+02 5.700634447699733402e-04 4.399600961359258623e-06
2.660000000000000000e+02 5.694446233171413961e-04 3.433667279543742468e-06
3.680000000000000000e+02 5.678470359654351788e-04 2.925724532986578500e-06
4.700000000000000000e+02 5.703699097420292545e-04 2.601542801104787435e-06
5.720000000000000000e+02 5.649279412496561320e-04 2.334926543724898966e-06
6.740000000000000000e+02 5.693376043902865710e-04 2.157461536728887002e-06
7.770000000000000000e+02 5.679050981460555779e-04 2.015378681778672165e-06
8.790000000000000000e+02 5.686340916569403289e-04 1.897320826744159291e-06
9.810000000000000000e+02 5.652078403593263677e-04 1.785801239550993514e-06
1.083000000000000000e+03 5.682833709211100636e-04 1.708828171453973097e-06
1.186000000000000000e+03 5.681138440075234573e-04 1.624889983083326315e-06
1.288000000000000000e+03 5.672720380968759813e-04 1.563436460092011759e-06
1.390000000000000000e+03 5.685347045137321715e-04 1.509968172979413292e-06
1.492000000000000000e+03 5.656152428016807772e-04 1.448855998044909323e-06
1.594000000000000000e+03 5.707222477790901754e-04 1.414627787273880349e-06
1.696000000000000000e+03 5.665495183963091281e-04 1.354646298619593313e-06
1.799000000000000000e+03 5.685413650130694560e-04 1.326552647879113682e-06
1.901000000000000000e+03 5.675139541762532673e-04 1.288472052394099736e-06
2.003000000000000000e+03 5.669532308891984170e-04 1.253963211178708958e-06
2.106000000000000000e+03 5.666471938570496461e-04 1.216438825567043485e-06
2.208000000000000000e+03 5.688823240519306264e-04 1.198237156434463443e-06
2.310000000000000000e+03 5.689839607251852890e-04 1.171905703694594327e-06
2.412000000000000000e+03 5.692570923760337850e-04 1.147268674748936033e-06
2.514000000000000000e+03 5.666658800280090658e-04 1.118579092540105202e-06
2.616000000000000000e+03 5.671382888228495515e-04 1.092279650374355302e-06
2.719000000000000000e+03 5.670371913720735147e-04 1.076582285638362145e-06
2.821000000000000000e+03 5.660695112460270573e-04 1.054980936702071882e-06
2.923000000000000000e+03 5.671315686212139318e-04 1.038062391155311866e-06
3.025000000000000000e+03 5.680675132540772675e-04 1.022664033528400162e-06
3.128000000000000000e+03 5.665662107213016371e-04 9.979842531617322221e-07
3.230000000000000000e+03 5.669451954713848607e-04 9.871587158749679919e-07
3.332000000000000000e+03 5.669403367889016068e-04 9.726143694617256452e-07
3.434000000000000000e+03 5.667993341901835479e-04 9.572768632767224434e-07
3.536000000000000000e+03 5.663781842627637697e-04 9.383085964180633070e-07
3.639000000000000000e+03 5.668289578327893354e-04 9.300953468317396111e-07
3.741000000000000000e+03 5.689884379281784019e-04 9.208432953891668198e-07
3.843000000000000000e+03 5.670950634681156278e-04 9.058331661957334345e-07
3.945000000000000000e+03 5.673701448446371361e-04 8.944319503267186359e-07
4.048000000000000000e+03 5.668146576169520072e-04 8.775389201074624429e-07
4.150000000000000000e+03 5.663630675687503571e-04 8.704173103773798241e-07
4.252000000000000000e+03 5.642641936791322789e-04 8.566264684491639571e-07
4.354000000000000000e+03 5.636192844558837733e-04 8.456721773891065913e-07
4.456000000000000000e+03 5.604058616225810483e-04 8.270025515607403867e-07
4.559000000000000000e+03 5.603881770830818022e-04 8.215819717666453170e-07
4.661000000000000000e+03 5.567374868446409554e-04 8.073769887072962810e-07
4.763000000000000000e+03 5.549024596318541912e-04 7.958572423606757165e-07
4.865000000000000000e+03 5.533119301387286410e-04 7.855195890577115843e-07
4.968000000000000000e+03 5.512537094227229614e-04 7.705393851789226958e-07
5.070000000000000000e+03 5.474706184801487021e-04 7.611488405975545703e-07
5.172000000000000000e+03 5.450091136747273451e-04 7.502704861280678052e-07
5.274000000000000000e+03 5.419056333723211395e-04 7.388292119156755467e-07
5.376000000000000000e+03 5.388180101278792654e-04 7.274676994310444322e-07
5.478000000000000000e+03 5.365493959966059377e-04 7.142474521733350770e-07
5.581000000000000000e+03 5.350128305837238349e-04 7.089835250997726082e-07
5.683000000000000000e+03 5.331622224491219504e-04 7.001748535116680700e-07
5.785000000000000000e+03 5.295962751420342811e-04 6.893761396849129253e-07
5.888000000000000000e+03 5.281484198524551968e-04 6.780598285785214743e-07
5.990000000000000000e+03 5.268927444517974585e-04 6.740917249855753270e-07
6.092000000000000000e+03 5.272524992607044740e-04 6.684942264545252411e-07
