6.100000000000000000e+01 5.851634881157470212e-04 7.316532575610587367e-06
1.630000000000000000e+02 5.678604298102388334e-04 4.377481973068974479e-06
2.660000000000000000e+02 5.694965899557715826e-04 3.436394434083000936e-06
3.680000000000000000e+02 5.715715458159153529e-04 2.943785760449440443e-06
4.700000000000000000e+02 5.699943701258946595e-04 2.600082021256539385e-06
5.720000000000000000e+02 5.724818681086859661e-04 2.366488663346334174e-06
6.740000000000000000e+02 5.672697713766058393e-04 2.150560305441883645e-06
7.770000000000000000e+02 5.664465548143256301e-04 2.009653389668385874e-06
8.790000000000000000e+02 5.688091506146666617e-04 1.898711461645031569e-06
9.810000000000000000e+02 5.667574913823322661e-04 1.790692529291427580e-06
1.083000000000000000e+03 5.677624343261869705e-04 1.706925874024878166e-06
1.186000000000000000e+03 5.665366218673255089e-04 1.620126580609632083e-06
1.288000000000000000e+03 5.656054508498661784e-04 1.560031420066891611e-06
1.390000000000000000e+03 5.684735508890672228e-04 1.508058594016740284e-06
1.492000000000000000e+03 5.670609150087828083e-04 1.453147475288525321e-06
1.594000000000000000e+03 5.673958086439529576e-04 1.406805786759193562e-06
1.696000000000000000e+03 5.693973044736984476e-04 1.361395458858524474e-06
1.799000000000000000e+03 5.685183535510913511e-04 1.326444871358129288e-06
1.901000000000000000e+03 5.676424315856330467e-04 1.289044702902204879e-06
2.003000000000000000e+03 5.666419456173422400e-04 1.252917963613831801e-06
2.106000000000000000e+03 5.691189824350327076e-04 1.221691745823695608e-06
2.208000000000000000e+03 5.672379844864137814e-04 1.194961424081021909e-06
2.310000000000000000e+03 5.659424438625747841e-04 1.165500523934910702e-06
2.412000000000000000e+03 5.659013025253574686e-04 1.140469900441061493e-06
2.514000000000000000e+03 5.660749560583252420e-04 1.117574939555276833e-06
2.616000000000000000e+03 5.654650646081385221e-04 1.089094956454622486e-06
2.719000000000000000e+03 5.663370862182096370e-04 1.075243305142669740e-06
2.821000000000000000e+03 5.658767699399028369e-04 1.054721394503645511e-06
2.923000000000000000e+03 5.673695926993841147e-04 1.038552792677445896e-06
3.025000000000000000e+03 5.657494299570870171e-04 1.018380830836115524e-06
3.128000000000000000e+03 5.656508073693763310e-04 9.965287929407767859e-07
3.230000000000000000e+03 5.666615455685120126e-04 9.869903708700885930e-07
3.332000000000000000e+03 5.659274642444049944e-04 9.704709850768292305e-07
3.434000000000000000e+03 5.671689982199297313e-04 9.581634187075417178e-07
3.536000000000000000e+03 5.666989239130613195e-04 9.386032235630969606e-07
3.639000000000000000e+03 5.665253467178937765e-04 9.297850029789535556e-07
3.741000000000000000e+03 5.666701751060314752e-04 9.172262859968030221e-07
3.843000000000000000e+03 5.683550298446754393e-04 9.074996004226936058e-07
3.945000000000000000e+03 5.675363315362680523e-04 8.943773046508523939e-07
4.048000000000000000e+03 5.666951511855027913e-04 8.775891234648425830e-07
4.150000000000000000e+03 5.663926808812728931e-04 8.706234409788829243e-07
4.252000000000000000e+03 5.655012774246189139e-04 8.585533715511431308e-07
4.354000000000000000e+03 5.628357435857249229e-04 8.441229606892923918e-07
4.456000000000000000e+03 5.612298378171654738e-04 8.284455405070834782e-07
4.559000000000000000e+03 5.597498811816415537e-04 8.206356329969928305e-07
4.661000000000000000e+03 5.559887194029400955e-04 8.063265315142155016e-07
4.763000000000000000e+03 5.542991347717551301e-04 7.949429919071781037e-07
4.865000000000000000e+03 5.537977314523589382e-04 7.861795505015943015e-07
4.968000000000000000e+03 5.493424318213900332e-04 7.679095403358081948e-07
5.070000000000000000e+03 5.481746476704136249e-04 7.622480521912768882e-07
5.172000000000000000e+03 5.451038858392501674e-04 7.502490896194029166e-07
5.274000000000000000e+03 5.418702635865643193e-04 7.387927699200639684e-07
5.376000000000000000e+03 5.399142888727666983e-04 7.291133616103874114e-07
5.478000000000000000e+03 5.384154111617394083e-04 7.166720099142953634e-07
5.581000000000000000e+03 5.361220243839710667e-04 7.105096385172594475e-07
5.683000000000000000e+03 5.340774215374619353e-04 7.011776068004515687e-07
5.785000000000000000e+03 5.310437265002895379e-04 6.913151615714323500e-07
5.888000000000000000e+03 5.299963765777593446e-04 6.804889217310121223e-07
5.990000000000000000e+03 5.276280424876881019e-04 6.750083806834587161e-07
6.092000000000000000e+03 5.288341456526458135e-04 6.705847052794954427e-07
