6.100000000000000000e+01 5.808932896305385972e-04 7.276506288834604924e-06
1.630000000000000000e+02 5.691077178135287885e-04 4.397079996580953292e-06
2.660000000000000000e+02 5.636249444537857773e-04 3.393234258527024686e-06
3.680000000000000000e+02 5.680827705958159174e-04 2.925315059917653329e-06
4.700000000000000000e+02 5.660809383684102655e-04 2.581737493644252989e-06
5.720000000000000000e+02 5.669486309084026225e-04 2.343805745389435989e-06
6.740000000000000000e+02 5.643582757145475942e-04 2.138498141308535005e-06
7.770000000000000000e+02 5.622543845799056689e-04 1.995176137500099812e-06
8.790000000000000000e+02 5.651220583184749825e-04 1.884942184191534132e-06
9.810000000000000000e+02 5.619096344786732441e-04 1.775885148293824219e-06
1.083000000000000000e+03 5.690212757886444839e-04 1.709422203974610576e-06
1.186000000000000000e+03 5.647176928264747466e-04 1.615934134069105400e-06
1.288000000000000000e+03 5.645561905487479163e-04 1.556683890200988917e-06
1.390000000000000000e+03 5.668005943201997240e-04 1.504434986182664151e-06
1.492000000000000000e+03 5.659329434071292200e-04 1.450169598789261216e-06
1.594000000000000000e+03 5.662460260322341610e-04 1.403318499516245885e-06
1.696000000000000000e+03 5.633782712645079389e-04 1.347717939619867593e-06
1.799000000000000000e+03 5.636398970509129370e-04 1.315598206213331606e-06
1.901000000000000000e+03 5.642670386993121163e-04 1.280414643086602471e-06
2.003000000000000000e+03 5.645915450327329511e-04 1.248286159323164092e-06
2.106000000000000000e+03 5.645337197536304859e-04 1.211860792393427390e-06
2.208000000000000000e+03 5.664381783896863237e-04 1.193211558995315451e-06
2.310000000000000000e+03 5.636212644068963780e-04 1.160779302740029874e-06
2.412000000000000000e+03 5.659449911749448283e-04 1.140846324909466324e-06
2.514000000000000000e+03 5.657881311805894060e-04 1.116765035307947883e-06
2.616000000000000000e+03 5.671237157041737666e-04 1.091844009229329881e-06
2.719000000000000000e+03 5.625876782261467115e-04 1.067992361480632658e-06
2.821000000000000000e+03 5.636155877195944035e-04 1.050330549640147786e-06
2.923000000000000000e+03 5.639032512884566617e-04 1.032471226928564825e-06
3.025000000000000000e+03 5.644394285478784119e-04 1.015909008935451696e-06
3.128000000000000000e+03 5.668148389067853045e-04 9.984819439637249561e-07
3.230000000000000000e+03 5.665787071568828374e-04 9.865794659378587571e-07
3.332000000000000000e+03 5.649438890608946082e-04 9.690914105344110168e-07
3.434000000000000000e+03 5.654146347972275645e-04 9.550431291610140040e-07
3.536000000000000000e+03 5.650546338573971808e-04 9.362579003001815940e-07
3.639000000000000000e+03 5.643695591532868266e-04 9.261708637529149821e-07
3.741000000000000000e+03 5.653557732820618884e-04 9.149383626702267306e-07
3.843000000000000000e+03 5.643436404378675882e-04 9.013682802349787831e-07
3.945000000000000000e+03 5.649806099487391688e-04 8.902856430597243833e-07
4.048000000000000000e+03 5.650710507562612794e-04 8.748586174365744388e-07
4.150000000000000000e+03 5.657929638956544485e-04 8.694029403684070944e-07
4.252000000000000000e+03 5.628582953328233659e-04 8.547163421806337317e-07
4.354000000000000000e+03 5.617433816652535111e-04 8.426095646184650828e-07
4.456000000000000000e+03 5.610491955846339798e-04 8.279398720790091685e-07
4.559000000000000000e+03 5.593382053805634035e-04 8.203199907292450680e-07
4.661000000000000000e+03 5.566768804291248769e-04 8.071595215385977503e-07
4.763000000000000000e+03 5.522265124271784429e-04 7.922053814493849107e-07
4.865000000000000000e+03 5.524928693731379547e-04 7.841333213936226668e-07
4.968000000000000000e+03 5.473617821399935114e-04 7.652363142185604522e-07
5.070000000000000000e+03 5.452558413339416658e-04 7.581510833568793400e-07
5.172000000000000000e+03 5.442020497067294330e-04 7.491607813444606590e-07
5.274000000000000000e+03 5.411112057726780210e-04 7.375895705300010132e-07
5.376000000000000000e+03 5.378869226570302114e-04 7.263787746619294837e-07
5.478000000000000000e+03 5.353259320168916304e-04 7.124771923439844370e-07
5.581000000000000000e+03 5.352610073475446480e-04 7.094809243633793456e-07
5.683000000000000000e+03 5.333720361777080209e-04 7.003175108268523681e-07
5.785000000000000000e+03 5.282498551781398405e-04 6.876912436891472714e-07
5.888000000000000000e+03 5.286066594741016707e-04 6.786486497754361390e-07
5.990000000000000000e+03 5.274586390670524955e-04 6.746744633735702053e-07
6.092000000000000000e+03 5.265930843354388107e-04 6.678476197383372657e-07
