0.000000000000000000e+00 8.776488756936180746e-02
3.333333333333333287e-02 3.070016541531679355e+00
6.666666666666666574e-02 1.529021089659320509e+01
1.000000000000000056e-01 4.422251214900696681e+01
1.333333333333333315e-01 1.001707034902059235e+02
1.666666666666666574e-01 1.965377093692377173e+02
2.000000000000000111e-01 3.496427403346679057e+02
2.333333333333333370e-01 5.781487073270951669e+02
2.666666666666666630e-01 9.021757489777954788e+02
2.999999999999999889e-01 1.342257324830979314e+03
3.333333333333333148e-01 1.918318779727763513e+03
3.666666666666666408e-01 2.648822265028463789e+03
4.000000000000000222e-01 3.550153179386942611e+03
4.333333333333333481e-01 4.636255685554312549e+03
4.666666666666666741e-01 5.918479733230411512e+03
5.000000000000000000e-01 7.405583409372584356e+03
5.333333333333333259e-01 9.103835362175934279e+03
5.666666666666666519e-01 1.101717282202743081e+04
5.999999999999999778e-01 1.314738393140660810e+04
6.333333333333333037e-01 1.549429468334924786e+04
6.666666666666666297e-01 1.805594938632127742e+04
6.999999999999999556e-01 2.082877930443823789e+04
7.333333333333332815e-01 2.380775760189511129e+04
7.666666666666666075e-01 2.698654065114486002e+04
8.000000000000000444e-01 3.035759671845193589e+04
8.333333333333333703e-01 3.391232342264572071e+04
8.666666666666666963e-01 3.764115543423862255e+04
9.000000000000000222e-01 4.153366379969381524e+04
9.333333333333333481e-01 4.557864812862936378e+04
9.666666666666666741e-01 4.976422271725223982e+04
1.000000000000000000e+00 5.407789752227039571e+04
1.033333333333333215e+00 5.850665475549647090e+04
1.066666666666666652e+00 6.303702174296012527e+04
1.100000000000000089e+00 6.765514058287534863e+04
1.133333333333333304e+00 7.234683504252735293e+04
1.166666666666666741e+00 7.709767505260049074e+04
1.199999999999999956e+00 8.189303908668243093e+04
1.233333333333333393e+00 8.671817465193706448e+04
1.266666666666666607e+00 9.155825706265233748e+04
1.300000000000000044e+00 9.639844662058618269e+04
1.333333333333333259e+00 1.012239442838929972e+05
1.366666666666666696e+00 1.060200458691635286e+05
1.399999999999999911e+00 1.107721947984264843e+05
1.433333333333333348e+00 1.154660333744563686e+05
1.466666666666666563e+00 1.200874525429269561e+05
1.500000000000000000e+00 1.246226400789539912e+05
1.533333333333333215e+00 1.290581271179121977e+05
1.566666666666666652e+00 1.333808329359011550e+05
1.600000000000000089e+00 1.375781078741904057e+05
1.633333333333333304e+00 1.416377742933128611e+05
1.666666666666666741e+00 1.455481654371774057e+05
1.699999999999999956e+00 1.492981620846909063e+05
1.733333333333333393e+00 1.528772268656553933e+05
1.766666666666666607e+00 1.562754361202101572e+05
1.800000000000000044e+00 1.594835091846345458e+05
1.833333333333333259e+00 1.624928349929442338e+05
1.866666666666666696e+00 1.652954958914838498e+05
1.899999999999999911e+00 1.678842885733666189e+05
1.933333333333333348e+00 1.702527420510014636e+05
1.966666666666666563e+00 1.723951325972611376e+05
2.000000000000000000e+00 1.743064955996175995e+05
2.033333333333333215e+00 1.759826342860866280e+05
2.066666666666666430e+00 1.774201252974774106e+05
2.100000000000000089e+00 1.786163210961041914e+05
2.133333333333333304e+00 1.795693492179200111e+05
2.166666666666666519e+00 1.802781083916136413e+05
2.200000000000000178e+00 1.807422615648516803e+05
2.233333333333333393e+00 1.751317247709294315e+05
2.266666666666666607e+00 1.696030534242533322e+05
2.299999999999999822e+00 1.641613715242937906e+05
2.333333333333333481e+00 1.588112346059340052e+05
2.366666666666666696e+00 1.535566618962130742e+05
