# Rescaled matter transfer functions [-T_i(k)/k^2] for adiabatic (AD) mode (normalized to initial curvature=1) at redshift z=0
# for k=1.02176e-05 to 97.6243 h/Mpc,
# number of wavenumbers equal to 222
# T_i   stands for (delta rho_i/rho_i)(k,z) with above normalization 
# The rescaling factor [-1/k^2] with k in 1/Mpc is here to match the CMBFAST/CAMB output convention
#
# k (h/Mpc)       -T_cdm/k2         -T_b/k2           -T_g/k2           -T_ur/k2          -T_ncdm/k2        -T_tot/k2         
1.0217626709e-05  1.9958091475e+07  1.9958090809e+07  2.6596916553e+07  2.6596504875e+07  0.0000000000e+00  1.9960077597e+07
1.1464365726e-05  1.9958173197e+07  1.9958172359e+07  2.6593434717e+07  2.6592916513e+07  0.0000000000e+00  1.9960158212e+07
1.2863229912e-05  1.9958183032e+07  1.9958181977e+07  2.6588927990e+07  2.6588275680e+07  0.0000000000e+00  1.9960166645e+07
1.4432781343e-05  1.9958254687e+07  1.9958253358e+07  2.6583334357e+07  2.6582513271e+07  0.0000000000e+00  1.9960236541e+07
1.6193847014e-05  1.9958167265e+07  1.9958165593e+07  2.6576056956e+07  2.6575023553e+07  0.0000000000e+00  1.9960146887e+07
1.8169795196e-05  1.9958228647e+07  1.9958226542e+07  2.6567126547e+07  2.6565825924e+07  0.0000000000e+00  1.9960205478e+07
2.0386845520e-05  1.9958038130e+07  1.9958035480e+07  2.6555530670e+07  2.6553894013e+07  0.0000000000e+00  1.9960011421e+07
2.2874416899e-05  1.9958025358e+07  1.9958022022e+07  2.6541241581e+07  2.6539182015e+07  0.0000000000e+00  1.9959994217e+07
2.5665517892e-05  1.9958011003e+07  1.9958006804e+07  2.6523265163e+07  2.6520673532e+07  0.0000000000e+00  1.9959974286e+07
2.8797184714e-05  1.9957971308e+07  1.9957966022e+07  2.6500621135e+07  2.6497360702e+07  0.0000000000e+00  1.9959927575e+07
3.2310972681e-05  1.9957898632e+07  1.9957891978e+07  2.6472108986e+07  2.6468008010e+07  0.0000000000e+00  1.9959846070e+07
3.6253507625e-05  1.9957824074e+07  1.9957815699e+07  2.6436276828e+07  2.6431119768e+07  0.0000000000e+00  1.9959760412e+07
4.0677104588e-05  1.9957728174e+07  1.9957717634e+07  2.6391227122e+07  2.6384744112e+07  0.0000000000e+00  1.9959650557e+07
4.5640462015e-05  1.9957619029e+07  1.9957605764e+07  2.6334629125e+07  2.6326481252e+07  0.0000000000e+00  1.9959523876e+07
5.1209440644e-05  1.9957469968e+07  1.9957453275e+07  2.6263518975e+07  2.6253284204e+07  0.0000000000e+00  1.9959352786e+07
5.7457937437e-05  1.9957289868e+07  1.9957268865e+07  2.6174256889e+07  2.6161408080e+07  0.0000000000e+00  1.9959145031e+07
6.4468866151e-05  1.9957064305e+07  1.9957037880e+07  2.6062280910e+07  2.6046161530e+07  0.0000000000e+00  1.9958884774e+07
7.2335257549e-05  1.9956775779e+07  1.9956742535e+07  2.5921931961e+07  2.5901726621e+07  0.0000000000e+00  1.9958552764e+07
8.1161493867e-05  1.9956417090e+07  1.9956375280e+07  2.5746235368e+07  2.5720938424e+07  0.0000000000e+00  1.9958139635e+07
9.1064693897e-05  1.9955966401e+07  1.9955913839e+07  2.5526600355e+07  2.5494977263e+07  0.0000000000e+00  1.9957620892e+07
1.0217626709e-04  1.9955398852e+07  1.9955332789e+07  2.5252547062e+07  2.5213084654e+07  0.0000000000e+00  1.9956968421e+07
1.1464365726e-04  1.9954685882e+07  1.9954602884e+07  2.4911381732e+07  2.4862250329e+07  0.0000000000e+00  1.9956149726e+07
1.2863229912e-04  1.9953788976e+07  1.9953684766e+07  2.4487905842e+07  2.4426916568e+07  0.0000000000e+00  1.9955121578e+07
1.4432781343e-04  1.9952663807e+07  1.9952533036e+07  2.3964211738e+07  2.3888774657e+07  0.0000000000e+00  1.9953834086e+07
1.6193847014e-04  1.9951250808e+07  1.9951086854e+07  2.3319591542e+07  2.3226718393e+07  0.0000000000e+00  1.9952221257e+07
1.8169795196e-04  1.9949478593e+07  1.9949273245e+07  2.2530808115e+07  2.2417137352e+07  0.0000000000e+00  1.9950204475e+07
2.0386845520e-04  1.9947258087e+07  1.9947001246e+07  2.1572829809e+07  2.1434742618e+07  0.0000000000e+00  1.9947686872e+07
2.2874416899e-04  1.9944478683e+07  1.9944157951e+07  2.0420413136e+07  2.0254241329e+07  0.0000000000e+00  1.9944549951e+07
2.5665517892e-04  1.9941004646e+07  1.9940604936e+07  1.9050823481e+07  1.8853251106e+07  0.0000000000e+00  1.9940650833e+07
2.8797184714e-04  1.9936669819e+07  1.9936172962e+07  1.7448168613e+07  1.7216882852e+07  0.0000000000e+00  1.9935818289e+07
3.2310972681e-04  1.9931273582e+07  1.9930657972e+07  1.5609755746e+07  1.5344342355e+07  0.0000000000e+00  1.9929850643e+07
3.6253507625e-04  1.9924572202e+07  1.9923812472e+07  1.3554338933e+07  1.3257540147e+07  0.0000000000e+00  1.9922509634e+07
4.0677104588e-04  1.9916275925e+07  1.9915342915e+07  1.1331702437e+07  1.1010837489e+07  0.0000000000e+00  1.9913520448e+07
4.5640462015e-04  1.9906043471e+07  1.9904904430e+07  9.0311567145e+06  8.6994664866e+06  0.0000000000e+00  1.9902568784e+07
5.1209440644e-04  1.9893476810e+07  1.9892096503e+07  6.7844249257e+06  6.4617485795e+06  0.0000000000e+00  1.9889296552e+07
5.7457937437e-04  1.9878118628e+07  1.9876460760e+07  4.7560712134e+06  4.4676962985e+06  0.0000000000e+00  1.9873296310e+07
6.4468866151e-04  1.9859445954e+07  1.9857475993e+07  3.1133658335e+06  2.8859978117e+06  0.0000000000e+00  1.9854095742e+07
7.2335257549e-04  1.9836883791e+07  1.9834572123e+07  1.9729255727e+06  1.8269669260e+06  0.0000000000e+00  1.9831154922e+07
8.1161493867e-04  1.9809773858e+07  1.9807101595e+07  1.3372320594e+06  1.2768667216e+06  0.0000000000e+00  1.9803816228e+07
9.1064693897e-04  1.9777382546e+07  1.9774345730e+07  1.0597478288e+06  1.0655922526e+06  0.0000000000e+00  1.9771301911e+07
1.0217626709e-03  1.9738891500e+07  1.9735506287e+07  8.9687707470e+05  9.2937969040e+05  0.0000000000e+00  1.9732721704e+07
1.1464365726e-03  1.9693370603e+07  1.9689676797e+07  6.6325612138e+05  6.8190257801e+05  0.0000000000e+00  1.9687093938e+07
1.2863229912e-03  1.9639759291e+07  1.9635818733e+07  3.8325680662e+05  3.7222349740e+05  0.0000000000e+00  1.9633372167e+07
1.4432781343e-03  1.9576760039e+07  1.9572652017e+07  2.2342275509e+05  1.9858909408e+05  0.0000000000e+00  1.9570315721e+07
1.6193847014e-03  1.9503126485e+07  1.9498936138e+07  2.0020526199e+05  1.9093917814e+05  0.0000000000e+00  1.9496686108e+07
1.8169795196e-03  1.9417453485e+07  1.9413250366e+07  1.3396738501e+05  2.0810366809e+05  0.0000000000e+00  1.9411027091e+07
2.0386845520e-03  1.9318112032e+07  1.9313927682e+07  3.9722885854e+04  1.5430048331e+05  0.0000000000e+00  1.9311695078e+07
2.2874416899e-03  1.9203378211e+07  1.9199187433e+07  4.9256466365e+04  1.4527039567e+05  0.0000000000e+00  1.9196995151e+07
2.5665517892e-03  1.9071395758e+07  1.9067118149e+07  2.2144193997e+04  1.0598897484e+05  0.0000000000e+00  1.9065028828e+07
2.8797184714e-03  1.8920178066e+07  1.8915707443e+07  9.9742104905e+03  8.6422373761e+04  0.0000000000e+00  1.8913821250e+07
3.2310972681e-03  1.8747687457e+07  1.8742938754e+07  3.5386653420e+02  6.3645467669e+04  0.0000000000e+00  1.8741333699e+07
3.6253507625e-03  1.8551789819e+07  1.8546728377e+07  -2.4917584421e+03  5.6069497221e+04  0.0000000000e+00  1.8545443687e+07
4.0677104588e-03  1.8330336292e+07  1.8324946300e+07  -9.6063864169e+03  3.8201809955e+04  0.0000000000e+00  1.8324000914e+07
4.5640462015e-03  1.8081063263e+07  1.8075272197e+07  -5.8471927477e+03  2.9511084285e+04  0.0000000000e+00  1.8074738516e+07
5.1209440644e-03  1.7802072304e+07  1.7795732800e+07  -1.9459573348e+04  -1.9758658811e+04  0.0000000000e+00  1.7795735696e+07
5.7457937437e-03  1.7490698716e+07  1.7483662004e+07  -1.5182604501e+04  -1.5416011007e+04  0.0000000000e+00  1.7484346080e+07
6.4468866151e-03  1.7144392639e+07  1.7136532680e+07  -1.1821858007e+04  -1.2003588287e+04  0.0000000000e+00  1.7138014178e+07
7.2335257549e-03  1.6757642236e+07  1.6748752474e+07  -9.2086194212e+03  -9.3497735769e+03  0.0000000000e+00  1.6751217097e+07
8.1161493867e-03  1.6336565865e+07  1.6326395312e+07  -7.1256486798e+03  -7.2349422887e+03  0.0000000000e+00  1.6330064386e+07
9.1064693897e-03  1.5874808226e+07  1.5863096362e+07  -5.4939135490e+03  -5.5782610780e+03  0.0000000000e+00  1.5868201164e+07
1.0217626709e-02  1.5367800850e+07  1.5354198285e+07  -4.2274544995e+03  -4.2923183959e+03  0.0000000000e+00  1.5361046269e+07
1.1464365726e-02  1.4810920907e+07  1.4795068548e+07  -3.2533801446e+03  -3.3030682700e+03  0.0000000000e+00  1.4803976742e+07
1.2863229912e-02  1.4216774701e+07  1.4198246609e+07  -2.4696673726e+03  -2.5075300672e+03  0.0000000000e+00  1.4209584551e+07
1.4432781343e-02  1.3569347644e+07  1.3547687945e+07  -1.8728200824e+03  -1.9015254048e+03  0.0000000000e+00  1.3561855158e+07
1.6193847013e-02  1.2871731574e+07  1.2846497983e+07  -1.4130444821e+03  -1.4346761678e+03  0.0000000000e+00  1.2863881645e+07
1.8169795146e-02  1.2127324500e+07  1.2098098786e+07  -1.0564458986e+03  -1.0726316439e+03  0.0000000000e+00  1.2119064825e+07
2.0386843749e-02  1.1337886022e+07  1.1304383015e+07  -7.8291378616e+02  -7.9492947855e+02  0.0000000000e+00  1.1329184862e+07
2.2874377661e-02  1.0505975146e+07  1.0468103604e+07  -5.7658147896e+02  -5.8542534033e+02  0.0000000000e+00  1.0496830731e+07
2.5664945563e-02  9.6464338002e+06  9.6044591398e+06  -4.1961188510e+02  -4.2605978504e+02  0.0000000000e+00  9.6368964387e+06
2.8791443942e-02  8.7736302143e+06  8.7283213684e+06  -3.0323416924e+02  -3.0789352968e+02  0.0000000000e+00  8.7638257034e+06
3.2269941226e-02  7.9173872609e+06  7.8701343541e+06  -2.1730996617e+02  -2.2065557805e+02  0.0000000000e+00  7.9075309093e+06
3.6040922357e-02  7.1231339139e+06  7.0759550205e+06  -1.5659684035e+02  -1.5900939513e+02  0.0000000000e+00  7.1135269420e+06
3.9883466524e-02  6.4499382109e+06  6.4049473182e+06  -1.1544603390e+02  -1.1722915857e+02  0.0000000000e+00  6.4408793658e+06
4.3492009369e-02  5.9308528950e+06  5.8895007412e+06  -8.8898671053e+01  -9.0276778389e+01  0.0000000000e+00  5.9225259412e+06
4.6725576878e-02  5.5452305741e+06  5.5080003764e+06  -7.1678382751e+01  -7.2794114472e+01  0.0000000000e+00  5.5376721461e+06
4.9622088528e-02  5.2540270785e+06  5.2208888600e+06  -6.0567203970e+01  -6.1505277227e+01  0.0000000000e+00  5.2472041752e+06
5.2265381565e-02  5.0227781426e+06  4.9934335372e+06  -5.1723565357e+01  -5.2531078075e+01  0.0000000000e+00  5.0166255478e+06
5.4726697090e-02  4.8335324784e+06  4.8076014429e+06  -4.6433306279e+01  -4.7144142601e+01  0.0000000000e+00  4.8279774041e+06
5.7057759973e-02  4.6718709682e+06  4.6489262642e+06  -4.1111302557e+01  -4.1743071570e+01  0.0000000000e+00  4.6668374633e+06
5.9295305668e-02  4.5280354450e+06  4.5076653192e+06  -3.6916040517e+01  -3.7483095476e+01  0.0000000000e+00  4.5234529312e+06
6.1465821196e-02  4.3941890392e+06  4.3759749894e+06  -3.3360775487e+01  -3.3872960141e+01  0.0000000000e+00  4.3899882139e+06
6.3588894505e-02  4.2704972458e+06  4.2540223879e+06  -3.0154605164e+01  -3.0619439162e+01  0.0000000000e+00  4.2666090131e+06
6.5679409480e-02  4.1499109879e+06  4.1347845299e+06  -2.7704949020e+01  -2.8128837881e+01  0.0000000000e+00  4.1462724955e+06
6.7748975096e-02  4.0300698094e+06  4.0159172164e+06  -2.5220116361e+01  -2.5606877108e+01  0.0000000000e+00  4.0266214872e+06
6.9806869513e-02  3.9182968423e+06  3.9047778921e+06  -2.3080949148e+01  -2.3435112487e+01  0.0000000000e+00  3.9149823663e+06
7.1860677022e-02  3.8026398483e+06  3.7894407089e+06  -2.1183824052e+01  -2.1508256572e+01  0.0000000000e+00  3.7994106521e+06
7.3916727488e-02  3.6878209338e+06  3.6746685175e+06  -1.9398765789e+01  -1.9696101242e+01  0.0000000000e+00  3.6846334945e+06
7.5980406187e-02  3.5728715210e+06  3.5595350149e+06  -1.7754039329e+01  -1.8026599322e+01  0.0000000000e+00  3.5696893040e+06
7.8056376724e-02  3.4573163861e+06  3.4436181480e+06  -1.6332344631e+01  -1.6582343777e+01  0.0000000000e+00  3.4541114243e+06
8.0148744432e-02  3.3431413540e+06  3.3289476341e+06  -1.4936486034e+01  -1.5165678371e+01  0.0000000000e+00  3.3398920410e+06
8.2261178179e-02  3.2240062474e+06  3.2092339623e+06  -1.3602793398e+01  -1.3812462097e+01  0.0000000000e+00  3.2207009023e+06
8.4397002572e-02  3.1169392901e+06  3.1015741598e+06  -1.2581128086e+01  -1.2773864160e+01  0.0000000000e+00  3.1135720392e+06
8.6559268730e-02  3.0076544615e+06  2.9917181288e+06  -1.1520811831e+01  -1.1697565053e+01  0.0000000000e+00  3.0042293979e+06
8.8750809272e-02  2.9018232450e+06  2.8853892601e+06  -1.0559331923e+01  -1.0721511211e+01  0.0000000000e+00  2.8983509899e+06
9.0974281530e-02  2.8001228156e+06  2.7833209267e+06  -9.7217680281e+00  -9.8707472320e+00  0.0000000000e+00  2.7966226922e+06
9.3232201837e-02  2.7032597328e+06  2.6862383444e+06  -8.9219834333e+00  -9.0588927208e+00  0.0000000000e+00  2.6997538093e+06
9.5526972977e-02  2.6129268660e+06  2.5958705227e+06  -8.2023703559e+00  -8.3283949397e+00  0.0000000000e+00  2.6094424308e+06
9.7860906312e-02  2.5284356451e+06  2.5115607854e+06  -7.5662171154e+00  -7.6824227298e+00  0.0000000000e+00  2.5250052461e+06
1.0023623975e-01  2.4502439165e+06  2.4337535915e+06  -6.9912522577e+00  -7.0985940542e+00  0.0000000000e+00  2.4468978436e+06
1.0265515242e-01  2.3767735594e+06  2.3608689096e+06  -6.4570557233e+00  -6.5563132032e+00  0.0000000000e+00  2.3735422716e+06
1.0511977663e-01  2.3142573319e+06  2.2991312829e+06  -6.0084099306e+00  -6.1006048228e+00  0.0000000000e+00  2.3111681220e+06
1.0763220780e-01  2.2556778129e+06  2.2414801937e+06  -5.5888151739e+00  -5.6745387413e+00  0.0000000000e+00  2.2527532443e+06
1.1019451253e-01  2.2020028966e+06  2.1888424547e+06  -5.2050018847e+00  -5.2848430338e+00  0.0000000000e+00  2.1992587333e+06
1.1280873534e-01  2.1525493150e+06  2.1404859794e+06  -4.8566526796e+00  -4.9311328339e+00  0.0000000000e+00  2.1499937903e+06
1.1547690415e-01  2.1064875351e+06  2.0955282650e+06  -4.5295751574e+00  -4.5991247967e+00  0.0000000000e+00  2.1041207368e+06
1.1820103488e-01  2.0615921258e+06  2.0516812302e+06  -4.2389782300e+00  -4.3039637552e+00  0.0000000000e+00  2.0594048804e+06
1.2098313516e-01  2.0174339344e+06  2.0084579504e+06  -3.9558176162e+00  -4.0165160519e+00  0.0000000000e+00  2.0154080425e+06
1.2382520743e-01  1.9721847747e+06  1.9639917703e+06  -3.6967823558e+00  -3.7534394734e+00  0.0000000000e+00  1.9702964884e+06
1.2672925149e-01  1.9254016440e+06  1.9178011708e+06  -3.4403672317e+00  -3.4931658444e+00  0.0000000000e+00  1.9236212445e+06
1.2969726664e-01  1.8757903720e+06  1.8685703509e+06  -3.2042336506e+00  -3.2533533793e+00  0.0000000000e+00  1.8740851005e+06
1.3273125339e-01  1.8232220176e+06  1.8161676171e+06  -2.9733401326e+00  -3.0189247557e+00  0.0000000000e+00  1.8215587176e+06
1.3583321506e-01  1.7679869094e+06  1.7609036927e+06  -2.7457711458e+00  -2.7879636946e+00  0.0000000000e+00  1.7663355693e+06
1.3900515906e-01  1.7097990366e+06  1.7025263880e+06  -2.5375204030e+00  -2.5764855845e+00  0.0000000000e+00  1.7081350893e+06
1.4224909818e-01  1.6501618727e+06  1.6425942485e+06  -2.3398636165e+00  -2.3757746938e+00  0.0000000000e+00  1.6484690280e+06
1.4556705174e-01  1.5899505837e+06  1.5820424137e+06  -2.1555480333e+00  -2.1885926306e+00  0.0000000000e+00  1.5882217924e+06
1.4896104687e-01  1.5308948694e+06  1.5226676299e+06  -1.9822651180e+00  -2.0126476200e+00  0.0000000000e+00  1.5291331888e+06
1.5243311980e-01  1.4743374478e+06  1.4658798674e+06  -1.8202143223e+00  -1.8481494804e+00  0.0000000000e+00  1.4725561900e+06
1.5598531743e-01  1.4211985541e+06  1.4126460708e+06  -1.6788618704e+00  -1.7045829240e+00  0.0000000000e+00  1.4194181572e+06
1.5961969898e-01  1.3731396604e+06  1.3646624619e+06  -1.5447218122e+00  -1.5684452601e+00  0.0000000000e+00  1.3713855716e+06
1.6333833807e-01  1.3298063956e+06  1.3215855836e+06  -1.4301869980e+00  -1.4521306032e+00  0.0000000000e+00  1.3281058975e+06
1.6714332504e-01  1.2917414399e+06  1.2839467786e+06  -1.3252341342e+00  -1.3455877723e+00  0.0000000000e+00  1.2901198564e+06
1.7103676976e-01  1.2575053751e+06  1.2502648021e+06  -1.2343167724e+00  -1.2532444036e+00  0.0000000000e+00  1.2559818330e+06
1.7502080493e-01  1.2272365521e+06  1.2206128136e+06  -1.1501867215e+00  -1.1678279638e+00  0.0000000000e+00  1.2258198069e+06
1.7909758981e-01  1.1981413360e+06  1.1921352996e+06  -1.0735265195e+00  -1.0899775864e+00  0.0000000000e+00  1.1968311741e+06
1.8326931470e-01  1.1698953103e+06  1.1644370020e+06  -9.9970677347e-01  -1.0150452649e+00  0.0000000000e+00  1.1686803898e+06
1.8753820600e-01  1.1404306251e+06  1.1353930929e+06  -9.2971837031e-01  -9.4399628204e-01  0.0000000000e+00  1.1392911944e+06
1.9190653198e-01  1.1086114066e+06  1.1038377903e+06  -8.6354195490e-01  -8.7679789910e-01  0.0000000000e+00  1.1075233148e+06
1.9637660946e-01  1.0742537201e+06  1.0695808839e+06  -7.9961936156e-01  -8.1188724329e-01  0.0000000000e+00  1.0731918769e+06
2.0095081121e-01  1.0374507793e+06  1.0327427725e+06  -7.3891643362e-01  -7.5023328840e-01  0.0000000000e+00  1.0363943743e+06
2.0563157440e-01  9.9977725579e+05  9.9495162671e+05  -6.7916727795e-01  -6.8958016544e-01  0.0000000000e+00  9.9871348455e+05
2.1042141001e-01  9.6210674840e+05  9.5714361925e+05  -6.2408976849e-01  -6.3365866978e-01  0.0000000000e+00  9.6103246023e+05
2.1532291337e-01  9.2600025973e+05  9.2094645291e+05  -5.7317371448e-01  -5.8196768090e-01  0.0000000000e+00  9.2492240596e+05
2.2033877580e-01  8.9260155580e+05  8.8755639294e+05  -5.2753252828e-01  -5.3562733488e-01  0.0000000000e+00  8.9153506432e+05
2.2547179770e-01  8.6255409847e+05  8.5763752286e+05  -4.8700313847e-01  -4.9447363436e-01  0.0000000000e+00  8.6151697227e+05
2.3072490285e-01  8.3598103045e+05  8.3130705776e+05  -4.5122687059e-01  -4.5814232801e-01  0.0000000000e+00  8.3499029640e+05
2.3610115442e-01  8.1252015960e+05  8.0816473124e+05  -4.1818746588e-01  -4.2460523134e-01  0.0000000000e+00  8.1158691989e+05
2.4160377256e-01  7.9064098152e+05  7.8662402600e+05  -3.8885614219e-01  -3.9482062701e-01  0.0000000000e+00  7.8976792070e+05
2.4723615391e-01  7.6913187154e+05  7.6541411879e+05  -3.6109725719e-01  -3.6663806341e-01  0.0000000000e+00  7.6831265633e+05
2.5300189318e-01  7.4684599639e+05  7.4334478076e+05  -3.3486534128e-01  -3.4000334446e-01  0.0000000000e+00  7.4606776038e+05
2.5890480707e-01  7.2309789513e+05  7.1971113692e+05  -3.1018854103e-01  -3.1494006083e-01  0.0000000000e+00  7.2234490074e+05
2.6494896083e-01  6.9823349515e+05  6.9487581696e+05  -2.8558867341e-01  -2.8996894660e-01  0.0000000000e+00  6.9749254786e+05
2.7113869782e-01  6.7266844665e+05  6.6929430877e+05  -2.6281368894e-01  -2.6684317757e-01  0.0000000000e+00  6.7193254008e+05
2.7747867245e-01  6.4766247411e+05  6.4427585964e+05  -2.4150022478e-01  -2.4520431251e-01  0.0000000000e+00  6.4693207212e+05
2.8397388706e-01  6.2427295155e+05  6.2092411573e+05  -2.2217787312e-01  -2.2558651977e-01  0.0000000000e+00  6.2355553373e+05
2.9062973338e-01  6.0306067994e+05  5.9981730284e+05  -2.0499360733e-01  -2.0813749412e-01  0.0000000000e+00  6.0236631914e+05
2.9745203921e-01  5.8389644176e+05  5.8081583386e+05  -1.8944889751e-01  -1.9235483387e-01  0.0000000000e+00  5.8323360639e+05
3.0444712128e-01  5.6614661000e+05  5.6325590563e+05  -1.7547140866e-01  -1.7816133562e-01  0.0000000000e+00  5.6551917644e+05
3.1162184537e-01  5.4892488880e+05  5.4620571706e+05  -1.6223910821e-01  -1.6472825985e-01  0.0000000000e+00  5.4832978809e+05
3.1898369495e-01  5.3126627225e+05  5.2867130940e+05  -1.5002234078e-01  -1.5232185226e-01  0.0000000000e+00  5.3069613641e+05
3.2654085000e-01  5.1302265606e+05  5.1049808936e+05  -1.3812127947e-01  -1.4023998485e-01  0.0000000000e+00  5.1246913319e+05
3.3430227789e-01  4.9446899028e+05  4.9198027973e+05  -1.2688223722e-01  -1.2883030234e-01  0.0000000000e+00  4.9392670010e+05
3.4227783881e-01  4.7617153469e+05  4.7371659583e+05  -1.1676087118e-01  -1.1855080210e-01  0.0000000000e+00  4.7564007026e+05
3.5047840872e-01  4.5895181621e+05  4.5655663531e+05  -1.0723742515e-01  -1.0888263385e-01  0.0000000000e+00  4.5843497273e+05
3.5891602349e-01  4.4302732099e+05  4.4072701262e+05  -9.8686148748e-02  -1.0020044782e-01  0.0000000000e+00  4.4253027504e+05
3.6760404893e-01  4.2805267723e+05  4.2586746556e+05  -9.1050717494e-02  -9.2445810784e-02  0.0000000000e+00  4.2757834924e+05
3.7655738263e-01  4.1358683251e+05  4.1151092270e+05  -8.3734262278e-02  -8.5018681896e-02  0.0000000000e+00  4.1313415204e+05
3.8579269504e-01  3.9902874180e+05  3.9703645336e+05  -7.6988143587e-02  -7.8168781792e-02  0.0000000000e+00  3.9859366723e+05
3.9532871941e-01  3.8435229978e+05  3.8241781869e+05  -7.0543161034e-02  -7.1626012302e-02  0.0000000000e+00  3.8393077616e+05
4.0518660301e-01  3.6978466028e+05  3.6789881115e+05  -6.4593581799e-02  -6.5585277890e-02  0.0000000000e+00  3.6937520116e+05
4.1539033579e-01  3.5572634541e+05  3.5389907429e+05  -5.9223215242e-02  -6.0131108100e-02  0.0000000000e+00  3.5533037441e+05
4.2596727776e-01  3.4240094283e+05  3.4064844947e+05  -5.4209012575e-02  -5.5040039578e-02  0.0000000000e+00  3.4202080761e+05
4.3694881353e-01  3.2964982836e+05  3.2797863455e+05  -4.9564184353e-02  -5.0324489321e-02  0.0000000000e+00  3.2928639050e+05
4.4837117210e-01  3.1709194056e+05  3.1549323941e+05  -4.5265802754e-02  -4.5960336032e-02  0.0000000000e+00  3.1674374676e+05
4.6027646388e-01  3.0451521141e+05  3.0297490174e+05  -4.1275341712e-02  -4.1908316625e-02  0.0000000000e+00  3.0418003290e+05
4.7271400675e-01  2.9208310436e+05  2.9059629220e+05  -3.7485340901e-02  -3.8060847239e-02  0.0000000000e+00  2.9176012239e+05
4.8574204135e-01  2.7998180292e+05  2.7855406549e+05  -3.4037942467e-02  -3.4560423151e-02  0.0000000000e+00  2.7967180226e+05
4.9942997812e-01  2.6827929312e+05  2.6691695903e+05  -3.0866865920e-02  -3.1340472657e-02  0.0000000000e+00  2.6798315726e+05
5.1386138149e-01  2.5676674252e+05  2.5546693672e+05  -2.7904454019e-02  -2.8332631884e-02  0.0000000000e+00  2.5648395905e+05
5.2913799272e-01  2.4526010557e+05  2.4401600602e+05  -2.5144496322e-02  -2.5530224853e-02  0.0000000000e+00  2.4498959173e+05
5.4538524185e-01  2.3390280171e+05  2.3271361170e+05  -2.2551982006e-02  -2.2898216328e-02  0.0000000000e+00  2.3364438659e+05
5.6275993495e-01  2.2270265719e+05  2.2157187368e+05  -2.0180446319e-02  -2.0490087374e-02  0.0000000000e+00  2.2245684787e+05
5.8146118299e-01  2.1157956062e+05  2.1050675112e+05  -1.7970304065e-02  -1.8245883389e-02  0.0000000000e+00  2.1134626552e+05
6.0174626367e-01  2.0044641386e+05  1.9942905583e+05  -1.5875088225e-02  -1.6118819900e-02  0.0000000000e+00  2.0022523628e+05
6.2395415006e-01  1.8927291176e+05  1.8831207286e+05  -1.3951805393e-02  -1.4165878435e-02  0.0000000000e+00  1.8906403295e+05
6.4854119747e-01  1.7804412937e+05  1.7714109129e+05  -1.2142749394e-02  -1.2329133293e-02  0.0000000000e+00  1.7784776896e+05
6.7613641937e-01  1.6661115643e+05  1.6576564940e+05  -1.0460846601e-02  -1.0621328112e-02  0.0000000000e+00  1.6642733276e+05
7.0762848305e-01  1.5494697466e+05  1.5416096474e+05  -8.8776039695e-03  -9.0138537008e-03  0.0000000000e+00  1.5477606845e+05
7.4430293605e-01  1.4288721799e+05  1.4216228052e+05  -7.4032163599e-03  -7.5167913740e-03  0.0000000000e+00  1.4272959721e+05
7.8805162921e-01  1.3034702217e+05  1.2968580738e+05  -6.0245506572e-03  -6.1169739438e-03  0.0000000000e+00  1.3020325050e+05
8.4165238084e-01  1.1720149135e+05  1.1660697436e+05  -4.7486873093e-03  -4.8215413583e-03  0.0000000000e+00  1.1707222133e+05
9.0897823511e-01  1.0342886081e+05  1.0290421512e+05  -3.5926036140e-03  -3.6477245580e-03  0.0000000000e+00  1.0331478291e+05
9.9458187370e-01  8.9287937054e+04  8.8835017962e+04  -2.5903117678e-03  -2.6300573580e-03  0.0000000000e+00  8.9189455459e+04
1.1018020757e+00  7.5455842124e+04  7.5073064367e+04  -1.7835998238e-03  -1.8109688215e-03  0.0000000000e+00  7.5372613236e+04
1.2306361617e+00  6.2839215152e+04  6.2520402215e+04  -1.1906613342e-03  -1.2089315928e-03  0.0000000000e+00  6.2769896613e+04
1.3792707088e+00  5.1968294233e+04  5.1704577214e+04  -7.8399632982e-04  -7.9602504763e-04  0.0000000000e+00  5.1910958418e+04
1.5472780312e+00  4.2860538769e+04  4.2642970177e+04  -5.1386252277e-04  -5.2174579277e-04  0.0000000000e+00  4.2813240377e+04
1.7360362866e+00  3.5296887870e+04  3.5117636654e+04  -3.3621031824e-04  -3.4136748914e-04  0.0000000000e+00  3.5257924047e+04
1.9478613171e+00  2.9034506061e+04  2.8886968436e+04  -2.1979228519e-04  -2.2316219118e-04  0.0000000000e+00  2.9002441074e+04
2.1855361426e+00  2.3861995320e+04  2.3740659800e+04  -1.4338703539e-04  -1.4558677210e-04  0.0000000000e+00  2.3835629765e+04
2.4522118771e+00  1.9589969041e+04  1.9490257738e+04  -9.3502959369e-05  -9.4937437002e-05  0.0000000000e+00  1.9568308111e+04
2.7514269799e+00  1.6067693267e+04  1.5985808396e+04  -6.0908530507e-05  -6.1843079210e-05  0.0000000000e+00  1.6049910863e+04
3.0871518471e+00  1.3165184500e+04  1.3097977792e+04  -3.9709042403e-05  -4.0317408986e-05  0.0000000000e+00  1.3150596334e+04
3.4638413436e+00  1.0780511027e+04  1.0725372100e+04  -2.5782426618e-05  -2.6178042566e-05  0.0000000000e+00  1.0768548538e+04
3.8864939103e+00  8.8190080476e+03  8.7737863952e+03  -1.6760994426e-05  -1.7018077142e-05  0.0000000000e+00  8.8092038676e+03
4.3607178899e+00  7.2091931519e+03  7.1721060689e+03  -1.0882213732e-05  -1.1049140383e-05  0.0000000000e+00  7.2011595800e+03
4.8928059465e+00  5.8896732524e+03  5.8592533163e+03  -7.0491952619e-06  -7.1574933517e-06  0.0000000000e+00  5.8830909139e+03
5.4898185653e+00  4.8053197224e+03  4.7803627651e+03  -4.5969243643e-06  -4.6671641461e-06  0.0000000000e+00  4.7999274509e+03
6.1596777410e+00  3.9208389191e+03  3.9003498577e+03  -2.9673372479e-06  -3.0128360533e-06  0.0000000000e+00  3.9164192383e+03
6.9112720980e+00  3.1963788056e+03  3.1795416323e+03  -1.9199205595e-06  -1.9493792458e-06  0.0000000000e+00  3.1927545379e+03
7.7545748366e+00  2.6025627666e+03  2.5887081753e+03  -1.2512794456e-06  -1.2703496949e-06  0.0000000000e+00  2.5995887694e+03
8.7007760720e+00  2.1197543472e+03  2.1083315441e+03  -8.0520157706e-07  -8.1753009902e-07  0.0000000000e+00  2.1173101317e+03
9.7624313195e+00  1.7250434267e+03  1.7156023131e+03  -5.2015601285e-07  -5.2812402107e-07  0.0000000000e+00  1.7230313144e+03
1.0953628099e+01  1.4029695687e+03  1.3951416737e+03  -3.3591653214e-07  -3.4106323512e-07  0.0000000000e+00  1.4013094411e+03
1.2290172869e+01  1.1405658275e+03  1.1340498842e+03  -2.1631791935e-07  -2.1963980470e-07  0.0000000000e+00  1.1391920945e+03
1.3789800766e+01  9.2606755638e+02  9.2061613737e+02  -1.4083688771e-07  -1.4298151237e-07  0.0000000000e+00  9.2492667888e+02
1.5472410940e+01  7.5234860300e+02  7.4775889968e+02  -9.0239801064e-08  -9.1622198333e-08  0.0000000000e+00  7.5139624410e+02
1.7360330607e+01  6.1063401099e+02  6.0674916796e+02  -5.8193922704e-08  -5.9084938785e-08  0.0000000000e+00  6.0983574069e+02
1.9478611314e+01  4.9541152403e+02  4.9209307075e+02  -3.7506077688e-08  -3.8080086878e-08  0.0000000000e+00  4.9473747474e+02
2.1855361359e+01  4.0176830194e+02  3.9890718885e+02  -2.4160145110e-08  -2.4529742858e-08  0.0000000000e+00  4.0119473785e+02
2.4522118770e+01  3.2564396357e+02  3.2315105336e+02  -1.5559632680e-08  -1.5797462116e-08  0.0000000000e+00  3.2515151891e+02
2.7514269798e+01  2.6386122277e+02  2.6166414945e+02  -1.0013002606e-08  -1.0165961617e-08  0.0000000000e+00  2.6343413989e+02
3.0871518471e+01  2.1369400356e+02  2.1173439857e+02  -6.4423399196e-09  -6.5406521983e-09  0.0000000000e+00  2.1331955838e+02
3.4638413436e+01  1.7298316559e+02  1.7121319619e+02  -4.1463140954e-09  -4.2094644487e-09  0.0000000000e+00  1.7265094950e+02
3.8864939103e+01  1.3998538394e+02  1.3836636404e+02  -2.6669075518e-09  -2.7074456046e-09  0.0000000000e+00  1.3968695925e+02
4.3607178899e+01  1.1323220868e+02  1.1173254279e+02  -1.7143086536e-09  -1.7403098960e-09  0.0000000000e+00  1.1296070058e+02
4.8928059465e+01  9.1560945077e+01  9.0156237160e+01  -1.1003454725e-09  -1.1170068010e-09  0.0000000000e+00  9.1310967414e+01
5.4898185653e+01  7.3986767415e+01  7.2655179179e+01  -7.0833998455e-10  -7.1900784029e-10  0.0000000000e+00  7.3753633992e+01
6.1596777410e+01  5.9763598091e+01  5.8490122610e+01  -4.5467130740e-10  -4.6149192232e-10  0.0000000000e+00  5.9543928388e+01
6.9112720980e+01  4.8258167912e+01  4.7029683161e+01  -2.9178931360e-10  -2.9614473777e-10  0.0000000000e+00  4.8049069552e+01
7.7545748366e+01  3.8941497482e+01  3.7747211050e+01  -1.8756677561e-10  -1.9034377848e-10  0.0000000000e+00  3.8740605493e+01
8.7007760720e+01  3.1407696626e+01  3.0239524549e+01  -1.2052033795e-10  -1.2228752283e-10  0.0000000000e+00  3.1213196641e+01
9.7624313195e+01  2.5313081805e+01  2.4165898304e+01  -7.7361268207e-11  -7.8482956003e-11  0.0000000000e+00  2.5123731026e+01
