6.100000000000000000e+01 5.749308724769891738e-04 7.171500699709692447e-06
1.630000000000000000e+02 5.634444636821648970e-04 4.348442594115644435e-06
2.660000000000000000e+02 5.657911956184194166e-04 3.409921815902448169e-06
3.680000000000000000e+02 5.723361840394352792e-04 2.946021936327570293e-06
4.700000000000000000e+02 5.686974532788804200e-04 2.593426452857802386e-06
5.720000000000000000e+02 5.622717424980234980e-04 2.324323293816955262e-06
6.740000000000000000e+02 5.675344291493775650e-04 2.148972493573941633e-06
7.770000000000000000e+02 5.671509374168460680e-04 2.013851850714454435e-06
8.790000000000000000e+02 5.663928201909324044e-04 1.890726677183777410e-06
9.810000000000000000e+02 5.670318589245685811e-04 1.791286350938445950e-06
1.083000000000000000e+03 5.676425344379974758e-04 1.706144655444207108e-06
1.186000000000000000e+03 5.661600813523166072e-04 1.619756523595729369e-06
1.288000000000000000e+03 5.654454066003652794e-04 1.558356855105452068e-06
1.390000000000000000e+03 5.642998672703042774e-04 1.498116556591407110e-06
1.492000000000000000e+03 5.658412850610179548e-04 1.450225800589108762e-06
1.594000000000000000e+03 5.633844090746348418e-04 1.396257031101209598e-06
1.696000000000000000e+03 5.664552760494111910e-04 1.354474175362230393e-06
1.799000000000000000e+03 5.652567477184722994e-04 1.318889044312667230e-06
1.901000000000000000e+03 5.645408678056743111e-04 1.281567175045339109e-06
2.003000000000000000e+03 5.655900968603734926e-04 1.250891344699508717e-06
2.106000000000000000e+03 5.639062394746528675e-04 1.210455132742652201e-06
2.208000000000000000e+03 5.656821425201391052e-04 1.191357655866372786e-06
2.310000000000000000e+03 5.659305105806827383e-04 1.165540119486594224e-06
2.412000000000000000e+03 5.666164818177161881e-04 1.142128100846546023e-06
2.514000000000000000e+03 5.671437695471353126e-04 1.119558488418705348e-06
2.616000000000000000e+03 5.670176643322507324e-04 1.091920353115236407e-06
2.719000000000000000e+03 5.643235082628756186e-04 1.071057824108333719e-06
2.821000000000000000e+03 5.650480054306730162e-04 1.053393174569299060e-06
2.923000000000000000e+03 5.668385846377122211e-04 1.037812005790729258e-06
3.025000000000000000e+03 5.660432574090889591e-04 1.018891042726028581e-06
3.128000000000000000e+03 5.667506378319054358e-04 9.981860663653336647e-07
3.230000000000000000e+03 5.655316050054819957e-04 9.850024539495336716e-07
3.332000000000000000e+03 5.653473404478658688e-04 9.697283457167194898e-07
3.434000000000000000e+03 5.658886079379278232e-04 9.560155506239324210e-07
3.536000000000000000e+03 5.641644048536266715e-04 9.345181150424460628e-07
3.639000000000000000e+03 5.667226797142017793e-04 9.299802610991719548e-07
3.741000000000000000e+03 5.675850450371094664e-04 9.185324993810382140e-07
3.843000000000000000e+03 5.677274811302139785e-04 9.063553491395240486e-07
3.945000000000000000e+03 5.659482781023850162e-04 8.921633718165688933e-07
4.048000000000000000e+03 5.656595246812526952e-04 8.758690117230242331e-07
4.150000000000000000e+03 5.647290539766630169e-04 8.678679882923763006e-07
4.252000000000000000e+03 5.647194326842425866e-04 8.575176220333582963e-07
4.354000000000000000e+03 5.633735928753022797e-04 8.452148403674429094e-07
4.456000000000000000e+03 5.616562802383870791e-04 8.288485674893980646e-07
4.559000000000000000e+03 5.587009725922935681e-04 8.191339174176239017e-07
4.661000000000000000e+03 5.562811192772771241e-04 8.066309819612263052e-07
4.763000000000000000e+03 5.541281233275474789e-04 7.947693218194097083e-07
4.865000000000000000e+03 5.507105520086000077e-04 7.816398881217363368e-07
4.968000000000000000e+03 5.492362337055574405e-04 7.677244482514768129e-07
5.070000000000000000e+03 5.459010080596432340e-04 7.591496587463791703e-07
5.172000000000000000e+03 5.435235653825238591e-04 7.481237604766488245e-07
5.274000000000000000e+03 5.412884474868322150e-04 7.380207683877566686e-07
5.376000000000000000e+03 5.390529482435682355e-04 7.279501081249018091e-07
5.478000000000000000e+03 5.363083655549445933e-04 7.135857839822410332e-07
5.581000000000000000e+03 5.330084844983656520e-04 7.065129179857446359e-07
5.683000000000000000e+03 5.315141165838220983e-04 6.979714947036554310e-07
5.785000000000000000e+03 5.294213621363918088e-04 6.892600407458755135e-07
5.888000000000000000e+03 5.279642825192687374e-04 6.778162671541671186e-07
5.990000000000000000e+03 5.261343139742795600e-04 6.730899000641164321e-07
6.092000000000000000e+03 5.265926839275954273e-04 6.678126561276708892e-07
