6.100000000000000000e+01 5.818993045121880143e-04 7.247800746771500732e-06
1.630000000000000000e+02 5.654773994523003321e-04 4.365928980060592163e-06
2.660000000000000000e+02 5.683553920218316520e-04 3.428816930754874811e-06
3.680000000000000000e+02 5.675874168783943659e-04 2.920152812160018013e-06
4.700000000000000000e+02 5.661296680073789724e-04 2.581739826916828501e-06
5.720000000000000000e+02 5.672818721492662100e-04 2.345832481136168629e-06
6.740000000000000000e+02 5.685108139013091318e-04 2.154307010398926345e-06
7.770000000000000000e+02 5.659441122943707162e-04 2.007460375825720527e-06
8.790000000000000000e+02 5.663300367173821530e-04 1.890277644394971397e-06
9.810000000000000000e+02 5.684777774839531528e-04 1.796339251540310922e-06
1.083000000000000000e+03 5.675892806989529761e-04 1.706330750549453360e-06
1.186000000000000000e+03 5.658189890502841055e-04 1.617777019689487106e-06
1.288000000000000000e+03 5.685224604573801402e-04 1.566990319193211098e-06
1.390000000000000000e+03 5.659085204354135723e-04 1.502067553232254019e-06
1.492000000000000000e+03 5.676795218051888716e-04 1.454810004949873868e-06
1.594000000000000000e+03 5.667597114857714615e-04 1.404898323539822401e-06
1.696000000000000000e+03 5.655906992252269106e-04 1.352669940866613380e-06
1.799000000000000000e+03 5.661952080862522451e-04 1.320736420452983575e-06
1.901000000000000000e+03 5.667397802032740801e-04 1.286441989842611474e-06
2.003000000000000000e+03 5.666347228996240553e-04 1.253271438905380680e-06
2.106000000000000000e+03 5.642314304113560776e-04 1.211148229658696730e-06
2.208000000000000000e+03 5.679828168172287341e-04 1.196242682985184138e-06
2.310000000000000000e+03 5.666565161642629330e-04 1.166739256741397012e-06
2.412000000000000000e+03 5.663527195119036177e-04 1.141905948695289752e-06
2.514000000000000000e+03 5.658948316424270699e-04 1.117122677276005113e-06
2.616000000000000000e+03 5.673734685586331134e-04 1.092172377060657259e-06
2.719000000000000000e+03 5.669505442682875413e-04 1.076370387242313492e-06
2.821000000000000000e+03 5.658303706614660608e-04 1.054781959249705033e-06
2.923000000000000000e+03 5.655558080151871234e-04 1.035588212721457662e-06
3.025000000000000000e+03 5.659083733435718274e-04 1.018520662028780548e-06
3.128000000000000000e+03 5.677762157781532457e-04 9.999607307365980785e-07
3.230000000000000000e+03 5.668508919721518833e-04 9.873930291237964911e-07
3.332000000000000000e+03 5.677086401351359723e-04 9.735459616083043794e-07
3.434000000000000000e+03 5.674431238942254400e-04 9.589721987746836242e-07
3.536000000000000000e+03 5.672894111263662503e-04 9.392883460160038646e-07
3.639000000000000000e+03 5.672518889323825177e-04 9.308923442540368531e-07
3.741000000000000000e+03 5.658398941642251399e-04 9.160037567033761225e-07
3.843000000000000000e+03 5.679917861237507347e-04 9.069077903943879002e-07
3.945000000000000000e+03 5.674463524069018249e-04 8.942971051744513468e-07
4.048000000000000000e+03 5.649098156589343238e-04 8.747742211716043781e-07
4.150000000000000000e+03 5.662716877254772877e-04 8.701834258673676247e-07
4.252000000000000000e+03 5.650483341249293995e-04 8.579347352745793658e-07
4.354000000000000000e+03 5.633510061219428175e-04 8.450646307632962080e-07
4.456000000000000000e+03 5.625354138560919410e-04 8.302971504595082286e-07
4.559000000000000000e+03 5.595494736024651935e-04 8.203763006810927506e-07
4.661000000000000000e+03 5.572993816459177003e-04 8.080273909527308785e-07
4.763000000000000000e+03 5.549965164013588321e-04 7.962976880608976266e-07
4.865000000000000000e+03 5.536684314476871460e-04 7.859574550821376427e-07
4.968000000000000000e+03 5.508679597984800832e-04 7.699912827037397151e-07
5.070000000000000000e+03 5.472433921790718697e-04 7.609924937943923684e-07
5.172000000000000000e+03 5.445848047887250033e-04 7.494184383614366298e-07
5.274000000000000000e+03 5.424470242258046769e-04 7.395658350944839082e-07
5.376000000000000000e+03 5.409128496292760603e-04 7.304640421942240615e-07
5.478000000000000000e+03 5.383618480299854313e-04 7.166062905798832005e-07
5.581000000000000000e+03 5.352854088274051252e-04 7.094605165038922444e-07
5.683000000000000000e+03 5.329702254078509281e-04 6.997965356507890554e-07
5.785000000000000000e+03 5.315272667617401475e-04 6.919582161527700656e-07
5.888000000000000000e+03 5.304559947379789342e-04 6.810577686746357377e-07
5.990000000000000000e+03 5.275576784085694512e-04 6.749203832044670012e-07
6.092000000000000000e+03 5.283996045671418259e-04 6.699180084341251705e-07
