6.100000000000000000e+01 5.893330875723024271e-04 7.351809049236618406e-06
1.630000000000000000e+02 5.712807889355025039e-04 4.412968000124371436e-06
2.660000000000000000e+02 5.659934751412327688e-04 3.410200288633116222e-06
3.680000000000000000e+02 5.650651244569297998e-04 2.913323713878920415e-06
4.700000000000000000e+02 5.654927883463986994e-04 2.578397474589127193e-06
5.720000000000000000e+02 5.690145985793961837e-04 2.351667031786279314e-06
6.740000000000000000e+02 5.690250348764513575e-04 2.158363743471798448e-06
7.770000000000000000e+02 5.664735874892814615e-04 2.009708812602447306e-06
8.790000000000000000e+02 5.638880291701162117e-04 1.881023055611681199e-06
9.810000000000000000e+02 5.674198887773714657e-04 1.793270541972754891e-06
1.083000000000000000e+03 5.674171320645090329e-04 1.704834417506596835e-06
1.186000000000000000e+03 5.682184618658033069e-04 1.625146681583486846e-06
1.288000000000000000e+03 5.673715006570505389e-04 1.564731536692263798e-06
1.390000000000000000e+03 5.664120048490190514e-04 1.503331896496575763e-06
1.492000000000000000e+03 5.700965136392935036e-04 1.460797867215799692e-06
1.594000000000000000e+03 5.682443100387956107e-04 1.408974284128885882e-06
1.696000000000000000e+03 5.663143384978554500e-04 1.353697084687537982e-06
1.799000000000000000e+03 5.683159328039711191e-04 1.326691619745489923e-06
1.901000000000000000e+03 5.690027475748151873e-04 1.291449959075126208e-06
2.003000000000000000e+03 5.661553841002988112e-04 1.252258584161015421e-06
2.106000000000000000e+03 5.671107123899151890e-04 1.217234365146581811e-06
2.208000000000000000e+03 5.683761859928750668e-04 1.197524307888771289e-06
2.310000000000000000e+03 5.676067745417105129e-04 1.168613009974067974e-06
2.412000000000000000e+03 5.668023420188257350e-04 1.142392406851467211e-06
2.514000000000000000e+03 5.682004586959763176e-04 1.121698922293332062e-06
2.616000000000000000e+03 5.660760397278641115e-04 1.090365317166546419e-06
2.719000000000000000e+03 5.647791603214301305e-04 1.072011167033694574e-06
2.821000000000000000e+03 5.638971529801626616e-04 1.050842639614982497e-06
2.923000000000000000e+03 5.666696815904452220e-04 1.037781249836564570e-06
3.025000000000000000e+03 5.651080033539368497e-04 1.017162230255730867e-06
3.128000000000000000e+03 5.658783804714195799e-04 9.962035807934650516e-07
3.230000000000000000e+03 5.669842041111448471e-04 9.880377992038953441e-07
3.332000000000000000e+03 5.677772126235385627e-04 9.734493816964526737e-07
3.434000000000000000e+03 5.656008660039337985e-04 9.555838879481711190e-07
3.536000000000000000e+03 5.675524699585133247e-04 9.400512523587016108e-07
3.639000000000000000e+03 5.684411248006530351e-04 9.327681606346439915e-07
3.741000000000000000e+03 5.689501849403371661e-04 9.209342326737503624e-07
3.843000000000000000e+03 5.667752167377661287e-04 9.049937028814459254e-07
3.945000000000000000e+03 5.682500434133006938e-04 8.957858249061302195e-07
4.048000000000000000e+03 5.660159338428366171e-04 8.764207906043409772e-07
4.150000000000000000e+03 5.661279706702404026e-04 8.700138280968324979e-07
4.252000000000000000e+03 5.643652869118388456e-04 8.568043966201575622e-07
4.354000000000000000e+03 5.642098548146558864e-04 8.466882593370075736e-07
4.456000000000000000e+03 5.609107106985048970e-04 8.275715707565319460e-07
4.559000000000000000e+03 5.610251703922311843e-04 8.225734560623210079e-07
4.661000000000000000e+03 5.585187197222112260e-04 8.098038747162489784e-07
4.763000000000000000e+03 5.547798565334628989e-04 7.957922387698474666e-07
4.865000000000000000e+03 5.524308848438302813e-04 7.842583320271089658e-07
4.968000000000000000e+03 5.516867336935435450e-04 7.710801879047922662e-07
5.070000000000000000e+03 5.489263154508564448e-04 7.632209497255138179e-07
5.172000000000000000e+03 5.455543727550683092e-04 7.509847852318975688e-07
5.274000000000000000e+03 5.434270222555769112e-04 7.408484746156033660e-07
5.376000000000000000e+03 5.395029416126470925e-04 7.285827407667384225e-07
5.478000000000000000e+03 5.380197479433001086e-04 7.161410418361261507e-07
5.581000000000000000e+03 5.365667113932417716e-04 7.110561634850377144e-07
5.683000000000000000e+03 5.337014048405788443e-04 7.008192940024410743e-07
5.785000000000000000e+03 5.324718701333947717e-04 6.932295917065459350e-07
5.888000000000000000e+03 5.297520540208640414e-04 6.801657587100339968e-07
5.990000000000000000e+03 5.282977533168398436e-04 6.758268657478811703e-07
6.092000000000000000e+03 5.285625807298781386e-04 6.702960306219617466e-07
