6.100000000000000000e+01 4.197984125836018332e-06 5.248241755289868204e-08
1.630000000000000000e+02 3.375919010685879714e-06 2.606339128466287089e-08
2.660000000000000000e+02 2.949510930441991464e-06 1.782073803279119022e-08
3.680000000000000000e+02 2.677822103599391680e-06 1.380411717074659885e-08
4.700000000000000000e+02 2.556159963258795153e-06 1.165453396195125469e-08
5.720000000000000000e+02 2.468476954066548203e-06 1.020648342589619679e-08
6.740000000000000000e+02 2.404541562526927562e-06 9.112550746684491528e-09
7.770000000000000000e+02 2.351262489118877291e-06 8.342112326301386062e-09
8.790000000000000000e+02 2.326008344168123370e-06 7.766596387328560539e-09
9.810000000000000000e+02 2.312349644997529059e-06 7.307276555829782176e-09
1.083000000000000000e+03 2.284945003532568804e-06 6.869698377561843566e-09
1.186000000000000000e+03 2.263136592077598541e-06 6.472440708859583144e-09
1.288000000000000000e+03 2.263676304119889935e-06 6.242623497201207076e-09
1.390000000000000000e+03 2.250204814362061228e-06 5.971751716389685421e-09
1.492000000000000000e+03 2.248799303226082496e-06 5.762244544672743391e-09
1.594000000000000000e+03 2.241969937588689580e-06 5.556808328707085445e-09
1.696000000000000000e+03 2.231629400676931658e-06 5.337286352905143052e-09
1.799000000000000000e+03 2.230424231084874586e-06 5.202981971600310808e-09
1.901000000000000000e+03 2.228027316426899607e-06 5.057849837033478006e-09
2.003000000000000000e+03 2.220292264837271361e-06 4.910394043201640449e-09
2.106000000000000000e+03 2.220344201551717750e-06 4.764337374143756501e-09
2.208000000000000000e+03 2.218129938488542304e-06 4.674442781136191526e-09
2.310000000000000000e+03 2.213520194386443800e-06 4.557848279863662564e-09
2.412000000000000000e+03 2.201433147509948848e-06 4.437700415205834773e-09
2.514000000000000000e+03 2.209566197210485650e-06 4.362259143250459657e-09
2.616000000000000000e+03 2.212223903823971379e-06 4.259505280309572729e-09
2.719000000000000000e+03 2.202153700018744876e-06 4.181656753152374985e-09
2.821000000000000000e+03 2.199548705487438066e-06 4.098124863068208569e-09
2.923000000000000000e+03 2.193043797666680533e-06 4.016154781384072749e-09
3.025000000000000000e+03 2.194773308714415845e-06 3.949372801348915731e-09
3.128000000000000000e+03 2.202201067416277749e-06 3.879716293509820536e-09
3.230000000000000000e+03 2.194392563609909810e-06 3.822583866770206215e-09
3.332000000000000000e+03 2.200170795986344627e-06 3.772216502973479537e-09
3.434000000000000000e+03 2.200293584767358006e-06 3.717282175315690254e-09
3.536000000000000000e+03 2.195763644596018598e-06 3.637090156045574356e-09
3.639000000000000000e+03 2.186320007699558983e-06 3.587670646981789253e-09
3.741000000000000000e+03 2.188626641333142792e-06 3.542300982285951551e-09
3.843000000000000000e+03 2.192180481708371726e-06 3.500053324326192684e-09
3.945000000000000000e+03 2.192161976397553728e-06 3.455996617373903279e-09
4.048000000000000000e+03 2.190340648840158513e-06 3.390847299053827903e-09
4.150000000000000000e+03 2.182251419712507077e-06 3.354050808192207631e-09
4.252000000000000000e+03 2.177600480018186815e-06 3.306094551382818415e-09
4.354000000000000000e+03 2.174175221821411133e-06 3.261878266942863144e-09
4.456000000000000000e+03 2.168951787727061768e-06 3.201077951150675276e-09
4.559000000000000000e+03 2.161982304190451951e-06 3.170014338897783275e-09
4.661000000000000000e+03 2.150408518195758599e-06 3.118124488213176064e-09
4.763000000000000000e+03 2.142095766033119297e-06 3.072670704286542284e-09
4.865000000000000000e+03 2.125634439019027025e-06 3.017620355313837905e-09
4.968000000000000000e+03 2.118039230450167616e-06 2.960840206618745585e-09
5.070000000000000000e+03 2.109176777190140261e-06 2.932021554439385757e-09
5.172000000000000000e+03 2.104666122924355700e-06 2.897600864234523783e-09
5.274000000000000000e+03 2.094866335997118725e-06 2.856023503172528100e-09
5.376000000000000000e+03 2.083267391042294054e-06 2.812592278737978322e-09
5.478000000000000000e+03 2.075254532201477884e-06 2.762488915803628574e-09
5.581000000000000000e+03 2.068958922343360342e-06 2.741601025645929665e-09
5.683000000000000000e+03 2.055176609079359779e-06 2.699023224321430911e-09
5.785000000000000000e+03 2.043372713968629828e-06 2.659847697560838102e-09
5.888000000000000000e+03 2.034964532262300780e-06 2.613057947133116735e-09
5.990000000000000000e+03 2.031314071964110946e-06 2.597957737405308390e-09
6.092000000000000000e+03 2.037437536687084719e-06 2.583929502728438743e-09
