6.100000000000000000e+01 4.161421890722043154e-06 5.240687332898907563e-08
1.630000000000000000e+02 3.310281995609083079e-06 2.562761722919021781e-08
2.660000000000000000e+02 2.849360311534144385e-06 1.717855358556688066e-08
3.680000000000000000e+02 2.607690526092073515e-06 1.344153875766792448e-08
4.700000000000000000e+02 2.493822467524780561e-06 1.138156624385205171e-08
5.720000000000000000e+02 2.396589859595405942e-06 9.913402316747821659e-09
6.740000000000000000e+02 2.346440341742776961e-06 8.889946495371821919e-09
7.770000000000000000e+02 2.289137720177536687e-06 8.123830683150262549e-09
8.790000000000000000e+02 2.265924948115019510e-06 7.562831952236203203e-09
9.810000000000000000e+02 2.239807612814230547e-06 7.071991765843742425e-09
1.083000000000000000e+03 2.230181339636915429e-06 6.708670114722609480e-09
1.186000000000000000e+03 2.204045938414219839e-06 6.302545080607663752e-09
1.288000000000000000e+03 2.204406507013341205e-06 6.076065045591614712e-09
1.390000000000000000e+03 2.193745374207757609e-06 5.823836383755919477e-09
1.492000000000000000e+03 2.185419083064850695e-06 5.601246311636120828e-09
1.594000000000000000e+03 2.186378500998685176e-06 5.419182938294122133e-09
1.696000000000000000e+03 2.166401441391943489e-06 5.180361700746524103e-09
1.799000000000000000e+03 2.177025641435249385e-06 5.080363810567324134e-09
1.901000000000000000e+03 2.166001485809095486e-06 4.916384912443787751e-09
2.003000000000000000e+03 2.158624563219007804e-06 4.774973685835824526e-09
2.106000000000000000e+03 2.160644260301408784e-06 4.637883189930373786e-09
2.208000000000000000e+03 2.153951635023908818e-06 4.537473027397667564e-09
2.310000000000000000e+03 2.155803994531671626e-06 4.439964130656305811e-09
2.412000000000000000e+03 2.161814482384102772e-06 4.356665241770153176e-09
2.514000000000000000e+03 2.153596148447651001e-06 4.251246282675780958e-09
2.616000000000000000e+03 2.149110232522481844e-06 4.139061385772615480e-09
2.719000000000000000e+03 2.142352556977174766e-06 4.066801977980032583e-09
2.821000000000000000e+03 2.138361204407648177e-06 3.986526992291741438e-09
2.923000000000000000e+03 2.140803580184207824e-06 3.917240816652365260e-09
3.025000000000000000e+03 2.134298406534804726e-06 3.842763878968846978e-09
3.128000000000000000e+03 2.138341449990075885e-06 3.766512959642982237e-09
3.230000000000000000e+03 2.140980813259330237e-06 3.729028958494262259e-09
3.332000000000000000e+03 2.133763830253988851e-06 3.658966303271935960e-09
3.434000000000000000e+03 2.136542888138350060e-06 3.609579356247825508e-09
3.536000000000000000e+03 2.139820785355923398e-06 3.544337277305947673e-09
3.639000000000000000e+03 2.133198229388907553e-06 3.501317468788118118e-09
3.741000000000000000e+03 2.128112546436512487e-06 3.444793270280666870e-09
3.843000000000000000e+03 2.128801510307744886e-06 3.399086693344594414e-09
3.945000000000000000e+03 2.136555832260986822e-06 3.367613440655175990e-09
4.048000000000000000e+03 2.133075980805320878e-06 3.302838222918079450e-09
4.150000000000000000e+03 2.130052028453100148e-06 3.273924484065353969e-09
4.252000000000000000e+03 2.126368788283495097e-06 3.228404142132417412e-09
4.354000000000000000e+03 2.115369089831144832e-06 3.173266290197738724e-09
4.456000000000000000e+03 2.111706896732996972e-06 3.116299653887727759e-09
4.559000000000000000e+03 2.100193111797306102e-06 3.080282878389648965e-09
4.661000000000000000e+03 2.100285222497692844e-06 3.044722096106035329e-09
4.763000000000000000e+03 2.093984875019896026e-06 3.004322154930243452e-09
4.865000000000000000e+03 2.075748237346717954e-06 2.946226523771411175e-09
4.968000000000000000e+03 2.067354093721778073e-06 2.889748861083563343e-09
5.070000000000000000e+03 2.058757141381464198e-06 2.862825178711134900e-09
5.172000000000000000e+03 2.046986351250111240e-06 2.817912861981371947e-09
5.274000000000000000e+03 2.039455664635808150e-06 2.779967769799534494e-09
5.376000000000000000e+03 2.027929645066527196e-06 2.738003997038428594e-09
5.478000000000000000e+03 2.013338257779771786e-06 2.680341625491716245e-09
5.581000000000000000e+03 2.010247058871838797e-06 2.663915713983974134e-09
5.683000000000000000e+03 2.002364597291510086e-06 2.629968538856351539e-09
5.785000000000000000e+03 1.992791927753961226e-06 2.593549179005985816e-09
5.888000000000000000e+03 1.989891691544607277e-06 2.554903147711510649e-09
5.990000000000000000e+03 1.980270743561429722e-06 2.533044925986476253e-09
6.092000000000000000e+03 1.984187740713035712e-06 2.516418293804523668e-09
