6.100000000000000000e+01 4.097235272083987097e-06 5.154472906331616176e-08
1.630000000000000000e+02 3.269385177816950046e-06 2.536371842589548555e-08
2.660000000000000000e+02 2.873648560596736694e-06 1.735602535919340181e-08
3.680000000000000000e+02 2.607745114556404931e-06 1.344054444984907652e-08
4.700000000000000000e+02 2.479922208340887831e-06 1.131841081042280271e-08
5.720000000000000000e+02 2.395552909327527045e-06 9.897297110878417301e-09
6.740000000000000000e+02 2.322744441028915132e-06 8.803927607042391441e-09
7.770000000000000000e+02 2.288936889079176085e-06 8.125389887682342831e-09
8.790000000000000000e+02 2.254213216227948881e-06 7.518944246605751004e-09
9.810000000000000000e+02 2.236781685453251003e-06 7.066869351296462734e-09
1.083000000000000000e+03 2.234102532843437928e-06 6.717580139862288988e-09
1.186000000000000000e+03 2.199821079350788965e-06 6.289008843402641965e-09
1.288000000000000000e+03 2.212572652078800856e-06 6.102591984674207645e-09
1.390000000000000000e+03 2.190204866520246664e-06 5.812619785580590118e-09
1.492000000000000000e+03 2.181193087256589560e-06 5.590161931522409139e-09
1.594000000000000000e+03 2.182741095563688116e-06 5.410071395063282442e-09
1.696000000000000000e+03 2.181921902760064538e-06 5.214880330254026452e-09
1.799000000000000000e+03 2.172679842880927295e-06 5.068652631261410107e-09
1.901000000000000000e+03 2.166633181306512124e-06 4.918958167810904203e-09
2.003000000000000000e+03 2.161749352773000014e-06 4.781101637598037309e-09
2.106000000000000000e+03 2.164593963969203697e-06 4.643861825010929839e-09
2.208000000000000000e+03 2.162158278335131848e-06 4.555556385008379194e-09
2.310000000000000000e+03 2.157742242330690375e-06 4.443671330398935716e-09
2.412000000000000000e+03 2.149861461323945436e-06 4.333901176113148177e-09
2.514000000000000000e+03 2.150950961381366545e-06 4.245242318836180979e-09
2.616000000000000000e+03 2.148700660053403444e-06 4.137638201657090961e-09
2.719000000000000000e+03 2.150712181654838250e-06 4.083526220856048777e-09
2.821000000000000000e+03 2.140073027821416706e-06 3.989237897969651191e-09
2.923000000000000000e+03 2.148443804279204633e-06 3.933773964804367996e-09
3.025000000000000000e+03 2.137495055716628656e-06 3.846255586047608520e-09
3.128000000000000000e+03 2.138889863679082133e-06 3.768072479869837011e-09
3.230000000000000000e+03 2.145703465229837122e-06 3.736840110600863962e-09
3.332000000000000000e+03 2.140063981238715221e-06 3.670488875780705740e-09
3.434000000000000000e+03 2.138569391035401086e-06 3.612356845886173511e-09
3.536000000000000000e+03 2.132227832121502905e-06 3.531979476338113819e-09
3.639000000000000000e+03 2.133799778838325499e-06 3.502492178181825748e-09
3.741000000000000000e+03 2.128854578729486630e-06 3.445360192807218975e-09
3.843000000000000000e+03 2.133891977461494073e-06 3.407512214062154611e-09
3.945000000000000000e+03 2.131890190491712435e-06 3.361189926699041829e-09
4.048000000000000000e+03 2.136423029873352794e-06 3.307574075681709777e-09
4.150000000000000000e+03 2.136945141399251505e-06 3.283894537606547810e-09
4.252000000000000000e+03 2.117963911965491293e-06 3.215602501566801171e-09
4.354000000000000000e+03 2.109655801917179102e-06 3.165319149878555537e-09
4.456000000000000000e+03 2.112028843881050616e-06 3.116581696490888217e-09
4.559000000000000000e+03 2.108656590828851069e-06 3.091884410305642282e-09
4.661000000000000000e+03 2.093234064041173883e-06 3.035914767431188606e-09
4.763000000000000000e+03 2.077541928224772964e-06 2.980094875934283645e-09
4.865000000000000000e+03 2.075355326938050034e-06 2.945887163327410748e-09
4.968000000000000000e+03 2.064312917374713433e-06 2.885500847413168695e-09
5.070000000000000000e+03 2.056587647767537749e-06 2.859382058533435016e-09
5.172000000000000000e+03 2.049392934683368618e-06 2.821168221284428705e-09
5.274000000000000000e+03 2.034945003950053832e-06 2.773849578207346668e-09
5.376000000000000000e+03 2.026128914435453315e-06 2.736014911993611671e-09
5.478000000000000000e+03 2.015138942778647323e-06 2.682326056425846051e-09
5.581000000000000000e+03 2.005749529816705895e-06 2.658035454332096503e-09
5.683000000000000000e+03 1.999794467325969030e-06 2.626207568400440217e-09
5.785000000000000000e+03 1.994891783274010183e-06 2.597355717582443244e-09
5.888000000000000000e+03 1.986027054947683554e-06 2.550301386497817335e-09
5.990000000000000000e+03 1.978290198333452299e-06 2.529841115766010737e-09
6.092000000000000000e+03 1.982111364109145890e-06 2.513555630515777228e-09
