6.100000000000000000e+01 2.122813156303350134e-06 2.649826769862923706e-08
1.630000000000000000e+02 2.118296642962099413e-06 1.635571264058996314e-08
2.660000000000000000e+02 2.128032027293230973e-06 1.281855930392496934e-08
3.680000000000000000e+02 2.125736546949883121e-06 1.095164929886302877e-08
4.700000000000000000e+02 2.112321502646259405e-06 9.631414958650162945e-09
5.720000000000000000e+02 2.134600010329822030e-06 8.824619620295250991e-09
6.740000000000000000e+02 2.110767232772163187e-06 7.995937210644435505e-09
7.770000000000000000e+02 2.126992210508371426e-06 7.548150947100556724e-09
8.790000000000000000e+02 2.136408209326998359e-06 7.129295103625607349e-09
9.810000000000000000e+02 2.117221188928628078e-06 6.693433733491421402e-09
1.083000000000000000e+03 2.137895931815099444e-06 6.424392265782349946e-09
1.186000000000000000e+03 2.135396992273201177e-06 6.108116522953690331e-09
1.288000000000000000e+03 2.131061049485899464e-06 5.876225485999062263e-09
1.390000000000000000e+03 2.123870130673632565e-06 5.635737632630965614e-09
1.492000000000000000e+03 2.125572754526541599e-06 5.446834303689589516e-09
1.594000000000000000e+03 2.126565958795602872e-06 5.271112209943040891e-09
1.696000000000000000e+03 2.122834101146632161e-06 5.075678589358550094e-09
1.799000000000000000e+03 2.124092415938710535e-06 4.955766619827937724e-09
1.901000000000000000e+03 2.132198655025877690e-06 4.841542660651375856e-09
2.003000000000000000e+03 2.130047729610433523e-06 4.712248713667782508e-09
2.106000000000000000e+03 2.130327712970303668e-06 4.571742476712744187e-09
2.208000000000000000e+03 2.121435976471459158e-06 4.469158478110887971e-09
2.310000000000000000e+03 2.127425217474194507e-06 4.380492687807404992e-09
2.412000000000000000e+03 2.127321255962988019e-06 4.287309450425605089e-09
2.514000000000000000e+03 2.129317581373813663e-06 4.204025636369865795e-09
2.616000000000000000e+03 2.118877969200271381e-06 4.079624861449523346e-09
2.719000000000000000e+03 2.124118008006326295e-06 4.032556998584606141e-09
2.821000000000000000e+03 2.120052738152774371e-06 3.950956441515163722e-09
2.923000000000000000e+03 2.130453975866422156e-06 3.901032202609088124e-09
3.025000000000000000e+03 2.132158923010332386e-06 3.836467401406950353e-09
3.128000000000000000e+03 2.125441363977777803e-06 3.744657878658740945e-09
3.230000000000000000e+03 2.124540963280390130e-06 3.700785830398048649e-09
3.332000000000000000e+03 2.121619178730267389e-06 3.638090957340630391e-09
3.434000000000000000e+03 2.122925577159756728e-06 3.585967097412237502e-09
3.536000000000000000e+03 2.127563105665820904e-06 3.524705914813846335e-09
3.639000000000000000e+03 2.124791014004144303e-06 3.486518617454853894e-09
3.741000000000000000e+03 2.121266232820065356e-06 3.432912879705749414e-09
3.843000000000000000e+03 2.127014793920862783e-06 3.397482651693180557e-09
3.945000000000000000e+03 2.130821885055337166e-06 3.357852806160595120e-09
4.048000000000000000e+03 2.128523111581703807e-06 3.295744828910732426e-09
4.150000000000000000e+03 2.120702937841621509e-06 3.259528272139137619e-09
4.252000000000000000e+03 2.119590577857511186e-06 3.218328831245149961e-09
4.354000000000000000e+03 2.117537805680218569e-06 3.175676233780874968e-09
4.456000000000000000e+03 2.108608682570560086e-06 3.112704503662112208e-09
4.559000000000000000e+03 2.102197679136253841e-06 3.081655261757338454e-09
4.661000000000000000e+03 2.089691158556050857e-06 3.031108281515765541e-09
4.763000000000000000e+03 2.082414325731756358e-06 2.986751972555798810e-09
4.865000000000000000e+03 2.069517310642139226e-06 2.938252454693185206e-09
4.968000000000000000e+03 2.066379021264092433e-06 2.887794588795674646e-09
5.070000000000000000e+03 2.048496940581618850e-06 2.848368292200143049e-09
5.172000000000000000e+03 2.046711881594982236e-06 2.817384578965430915e-09
5.274000000000000000e+03 2.036422803049266318e-06 2.775698982060448843e-09
5.376000000000000000e+03 2.030808181449769020e-06 2.742845322594782173e-09
5.478000000000000000e+03 2.019780168255664373e-06 2.687645286080349481e-09
5.581000000000000000e+03 2.005530038926425787e-06 2.657941671733363405e-09
5.683000000000000000e+03 2.002216788877461322e-06 2.629907165276043566e-09
5.785000000000000000e+03 1.992826797570113643e-06 2.593574239595387122e-09
5.888000000000000000e+03 1.993097244593608506e-06 2.559452920732250126e-09
5.990000000000000000e+03 1.973969742030226163e-06 2.525572343565523233e-09
6.092000000000000000e+03 1.983698357139890486e-06 2.514915569654008290e-09
