6.100000000000000000e+01 2.133733078104989659e-06 2.661250964988597630e-08
1.630000000000000000e+02 2.156976910896255881e-06 1.667054872671109557e-08
2.660000000000000000e+02 2.125856167962404100e-06 1.283079862563437636e-08
3.680000000000000000e+02 2.166318098733576822e-06 1.116766696890388447e-08
4.700000000000000000e+02 2.139838279776907810e-06 9.756208800816028760e-09
5.720000000000000000e+02 2.147169222468056761e-06 8.872117441718147124e-09
6.740000000000000000e+02 2.142731126421949759e-06 8.122046621997610912e-09
7.770000000000000000e+02 2.143353325597197697e-06 7.609713873264956584e-09
8.790000000000000000e+02 2.139255079284253030e-06 7.139977577007669545e-09
9.810000000000000000e+02 2.151019707639170053e-06 6.794951213818992597e-09
1.083000000000000000e+03 2.162387597539806098e-06 6.503279219549291354e-09
1.186000000000000000e+03 2.146486213106635915e-06 6.135769151733341606e-09
1.288000000000000000e+03 2.157300120216439880e-06 5.949743743357932132e-09
1.390000000000000000e+03 2.149060837568682271e-06 5.703538988689498357e-09
1.492000000000000000e+03 2.151190084228538669e-06 5.509885664283768202e-09
1.594000000000000000e+03 2.152424436415084735e-06 5.337974148946403927e-09
1.696000000000000000e+03 2.146749329995557876e-06 5.132660807840024239e-09
1.799000000000000000e+03 2.154950538536147347e-06 5.028465192707915512e-09
1.901000000000000000e+03 2.153056391635247257e-06 4.888319268578903072e-09
2.003000000000000000e+03 2.156474209150687540e-06 4.768130532909537327e-09
2.106000000000000000e+03 2.159245807414312454e-06 4.635397928923278457e-09
2.208000000000000000e+03 2.145943095475111171e-06 4.521568464778243855e-09
2.310000000000000000e+03 2.154791095310234382e-06 4.436618317880309863e-09
2.412000000000000000e+03 2.154380552520628208e-06 4.342842346929238999e-09
2.514000000000000000e+03 2.153705406013729284e-06 4.250403549149191407e-09
2.616000000000000000e+03 2.151307788761651955e-06 4.144630645189695537e-09
2.719000000000000000e+03 2.154544406847541395e-06 4.088971371681031076e-09
2.821000000000000000e+03 2.144417832583192406e-06 3.997745303085527950e-09
2.923000000000000000e+03 2.156203145553330279e-06 3.947259175925683783e-09
3.025000000000000000e+03 2.146899156120698856e-06 3.864070199096786535e-09
3.128000000000000000e+03 2.156323894776654745e-06 3.799079987471969612e-09
3.230000000000000000e+03 2.155156502835097935e-06 3.754252192164421855e-09
3.332000000000000000e+03 2.151606453734217349e-06 3.688335129740298915e-09
3.434000000000000000e+03 2.150164641820515871e-06 3.633087915944628917e-09
3.536000000000000000e+03 2.154793457930425863e-06 3.569797381137604260e-09
3.639000000000000000e+03 2.156012036025584863e-06 3.537437684168431261e-09
3.741000000000000000e+03 2.138952127257102305e-06 3.463219861958333305e-09
3.843000000000000000e+03 2.158107387578782209e-06 3.445365997400059698e-09
3.945000000000000000e+03 2.150774894895318907e-06 3.389457624526491280e-09
4.048000000000000000e+03 2.152480854253058653e-06 3.333652909840142279e-09
4.150000000000000000e+03 2.145246818227206021e-06 3.296211316199826616e-09
4.252000000000000000e+03 2.142721129822567385e-06 3.252828900886288340e-09
4.354000000000000000e+03 2.139476437933946982e-06 3.209863730526758734e-09
4.456000000000000000e+03 2.126204625301069618e-06 3.138061294760699024e-09
4.559000000000000000e+03 2.125077080500915873e-06 3.115862850691079324e-09
4.661000000000000000e+03 2.120756535292685111e-06 3.075234918175119561e-09
4.763000000000000000e+03 2.113410410160582440e-06 3.032091709143617004e-09
4.865000000000000000e+03 2.097807121315985589e-06 2.977549053504374268e-09
4.968000000000000000e+03 2.083088434209662873e-06 2.912148651691325965e-09
5.070000000000000000e+03 2.082759818714222335e-06 2.895581448895869486e-09
5.172000000000000000e+03 2.068035997084947630e-06 2.846924205109419807e-09
5.274000000000000000e+03 2.060720846302161260e-06 2.809075368736599730e-09
5.376000000000000000e+03 2.050213115432364696e-06 2.768283259011771793e-09
5.478000000000000000e+03 2.044046827122604175e-06 2.720504070212866658e-09
5.581000000000000000e+03 2.038546886726783577e-06 2.701299290220983482e-09
5.683000000000000000e+03 2.020412985411335875e-06 2.654203957658717861e-09
5.785000000000000000e+03 2.015189665172781470e-06 2.622447122414718640e-09
5.888000000000000000e+03 2.012442870920113118e-06 2.584812252432221384e-09
5.990000000000000000e+03 2.004244356231529446e-06 2.563520692665737411e-09
6.092000000000000000e+03 1.999216757868447601e-06 2.534967125186360792e-09
