6.100000000000000000e+01 2.107500670154176765e-06 2.639397814850498366e-08
1.630000000000000000e+02 2.113083297945629291e-06 1.631777875632991598e-08
2.660000000000000000e+02 2.120366307204794274e-06 1.279346835081256636e-08
3.680000000000000000e+02 2.131879999923351303e-06 1.097144915077826397e-08
4.700000000000000000e+02 2.107574380402499652e-06 9.617036151590173795e-09
5.720000000000000000e+02 2.118063243427565569e-06 8.751168956575784942e-09
6.740000000000000000e+02 2.126585256781835957e-06 8.065801285609329196e-09
7.770000000000000000e+02 2.114913072461371068e-06 7.503249526786074817e-09
8.790000000000000000e+02 2.122495871017842707e-06 7.079103945534563179e-09
9.810000000000000000e+02 2.111401348209626718e-06 6.671341791124742039e-09
1.083000000000000000e+03 2.116514911718468981e-06 6.361903684044589331e-09
1.186000000000000000e+03 2.111074593016927585e-06 6.038022786212588978e-09
1.288000000000000000e+03 2.111934282560898131e-06 5.824543220355405287e-09
1.390000000000000000e+03 2.112626945212576174e-06 5.608431101780306688e-09
1.492000000000000000e+03 2.116669535408453390e-06 5.419726190041641558e-09
1.594000000000000000e+03 2.127223718521326756e-06 5.272270481354349952e-09
1.696000000000000000e+03 2.123789441485715398e-06 5.078981378124522351e-09
1.799000000000000000e+03 2.110322557129831858e-06 4.924272082734672502e-09
1.901000000000000000e+03 2.123286543375766748e-06 4.818658584908463148e-09
2.003000000000000000e+03 2.117735486342721647e-06 4.684148893960904338e-09
2.106000000000000000e+03 2.111396495172474448e-06 4.532666842947561135e-09
2.208000000000000000e+03 2.118183916044099920e-06 4.461230408572076858e-09
2.310000000000000000e+03 2.125879612330642273e-06 4.379512045417508058e-09
2.412000000000000000e+03 2.116585961441299919e-06 4.264083043130471150e-09
2.514000000000000000e+03 2.116264016513142600e-06 4.178700348554918946e-09
2.616000000000000000e+03 2.120079563855116519e-06 4.083567598905213900e-09
2.719000000000000000e+03 2.124331610427098399e-06 4.032811837978782707e-09
2.821000000000000000e+03 2.121816291527457656e-06 3.954271610970009652e-09
2.923000000000000000e+03 2.118089281921657048e-06 3.877632363276851332e-09
3.025000000000000000e+03 2.122582313329597373e-06 3.820536501866388547e-09
3.128000000000000000e+03 2.117748028164895942e-06 3.730588948832810223e-09
3.230000000000000000e+03 2.120639177447098078e-06 3.694012287439257492e-09
3.332000000000000000e+03 2.120589927674406003e-06 3.636136243779200882e-09
3.434000000000000000e+03 2.120384955741066809e-06 3.581460495127834549e-09
3.536000000000000000e+03 2.118496769811381069e-06 3.510146664547211521e-09
3.639000000000000000e+03 2.113774118792278531e-06 3.467898787971352964e-09
3.741000000000000000e+03 2.125408700275078417e-06 3.440280171432947895e-09
3.843000000000000000e+03 2.119243523185048308e-06 3.384111810664420635e-09
3.945000000000000000e+03 2.123817448423406441e-06 3.347504526816369165e-09
4.048000000000000000e+03 2.115313503904157123e-06 3.276340484711457761e-09
4.150000000000000000e+03 2.120298320507275851e-06 3.257817457068695747e-09
4.252000000000000000e+03 2.109474271496016813e-06 3.202998389761620471e-09
4.354000000000000000e+03 2.105533703320583727e-06 3.158560336376046219e-09
4.456000000000000000e+03 2.099527425841476660e-06 3.098746092258962869e-09
4.559000000000000000e+03 2.092701023150622678e-06 3.068686356554701341e-09
4.661000000000000000e+03 2.088151633133185305e-06 3.027608051109096018e-09
4.763000000000000000e+03 2.074610576336316382e-06 2.976123979104669842e-09
4.865000000000000000e+03 2.067198796041041455e-06 2.933373431187663806e-09
4.968000000000000000e+03 2.060688996024545237e-06 2.881253189327798805e-09
5.070000000000000000e+03 2.043531922960219809e-06 2.841472583755400422e-09
5.172000000000000000e+03 2.036310882118658487e-06 2.803367802652259229e-09
5.274000000000000000e+03 2.027496339539175459e-06 2.763803810360912678e-09
5.376000000000000000e+03 2.016695358692545992e-06 2.723052433016633695e-09
5.478000000000000000e+03 2.009072368604752822e-06 2.674332117820696455e-09
5.581000000000000000e+03 2.003012740245580872e-06 2.654292117830454845e-09
5.683000000000000000e+03 1.991697414007162580e-06 2.615718004072045468e-09
5.785000000000000000e+03 1.981180185615548788e-06 2.578793872247355857e-09
5.888000000000000000e+03 1.974830004441182322e-06 2.536254943450077161e-09
5.990000000000000000e+03 1.970620611431411396e-06 2.520631513438908391e-09
6.092000000000000000e+03 1.974607080156368602e-06 2.503875783807269645e-09
