6.100000000000000000e+01 4.120534999489278617e-06 5.159556775173185938e-08
1.630000000000000000e+02 3.313970460610208831e-06 2.563633301215884926e-08
2.660000000000000000e+02 2.903299416162588196e-06 1.752272852874319812e-08
3.680000000000000000e+02 2.600179727456429153e-06 1.339198856514946441e-08
4.700000000000000000e+02 2.485406492249586516e-06 1.133800413057005103e-08
5.720000000000000000e+02 2.392249489297205223e-06 9.897320525707612547e-09
6.740000000000000000e+02 2.347185986158678428e-06 8.889838559210017057e-09
7.770000000000000000e+02 2.319432029730708866e-06 8.236409391723235661e-09
8.790000000000000000e+02 2.261520053575110884e-06 7.545695063837593223e-09
9.810000000000000000e+02 2.240524329471695319e-06 7.078472298733876584e-09
1.083000000000000000e+03 2.234588565955845853e-06 6.719300794497902686e-09
1.186000000000000000e+03 2.208887381392501096e-06 6.316242044672786796e-09
1.288000000000000000e+03 2.199266795473406919e-06 6.065682174274021995e-09
1.390000000000000000e+03 2.195018360518645742e-06 5.827675863775084444e-09
1.492000000000000000e+03 2.194624496385998470e-06 5.623539701725695739e-09
1.594000000000000000e+03 2.184277204205117807e-06 5.414092309428065009e-09
1.696000000000000000e+03 2.172021046193570771e-06 5.193784819464313486e-09
1.799000000000000000e+03 2.170430355620231939e-06 5.064578197752506171e-09
1.901000000000000000e+03 2.166495829201937248e-06 4.917256976556658687e-09
2.003000000000000000e+03 2.167304174620767668e-06 4.792360928519420725e-09
2.106000000000000000e+03 2.155631866996055192e-06 4.627209673365807185e-09
2.208000000000000000e+03 2.151101110083129549e-06 4.529578876534179368e-09
2.310000000000000000e+03 2.150724058962603639e-06 4.430278684813794574e-09
2.412000000000000000e+03 2.156155178232668552e-06 4.344260351739307873e-09
2.514000000000000000e+03 2.145411296226204948e-06 4.236257606905401433e-09
2.616000000000000000e+03 2.139933152859781664e-06 4.119952963973039863e-09
2.719000000000000000e+03 2.140492122823845096e-06 4.062160716183107271e-09
2.821000000000000000e+03 2.139899347024974242e-06 3.989334918387479961e-09
2.923000000000000000e+03 2.139746041137568809e-06 3.919001149863090613e-09
3.025000000000000000e+03 2.143638086743209990e-06 3.857995466598105992e-09
3.128000000000000000e+03 2.136080817089102730e-06 3.762440290736075701e-09
3.230000000000000000e+03 2.133052219596348420e-06 3.714809940379714011e-09
3.332000000000000000e+03 2.138489735525304501e-06 3.668564803552761282e-09
3.434000000000000000e+03 2.138724156856297282e-06 3.611817200807455643e-09
3.536000000000000000e+03 2.127177104429588532e-06 3.524592085408004571e-09
3.639000000000000000e+03 2.132427444316687550e-06 3.499323292532905456e-09
3.741000000000000000e+03 2.136038256974839030e-06 3.457103869454375183e-09
3.843000000000000000e+03 2.130779530107137454e-06 3.402937895216345851e-09
3.945000000000000000e+03 2.132788315019566677e-06 3.361639651306436525e-09
4.048000000000000000e+03 2.130427944265876978e-06 3.298697384171835070e-09
4.150000000000000000e+03 2.124698281910014689e-06 3.265150437806237540e-09
4.252000000000000000e+03 2.123103169622290973e-06 3.223239652363291012e-09
4.354000000000000000e+03 2.117517289343379094e-06 3.177139808326708987e-09
4.456000000000000000e+03 2.105642131361888317e-06 3.107751299589029526e-09
4.559000000000000000e+03 2.107319473288239747e-06 3.090062767808562513e-09
4.661000000000000000e+03 2.090023683347110227e-06 3.030423147274610835e-09
4.763000000000000000e+03 2.084633647134550860e-06 2.990407461894567105e-09
4.865000000000000000e+03 2.075156958342477005e-06 2.945383959914640211e-09
4.968000000000000000e+03 2.062422062350323645e-06 2.882750195650698255e-09
5.070000000000000000e+03 2.052414674324639466e-06 2.853431747875000178e-09
5.172000000000000000e+03 2.045657712039737784e-06 2.816567577667494083e-09
5.274000000000000000e+03 2.040229180796153732e-06 2.780822730192871925e-09
5.376000000000000000e+03 2.026930125998416723e-06 2.737399622925359433e-09
5.478000000000000000e+03 2.017219483332227482e-06 2.684977932039919671e-09
5.581000000000000000e+03 2.008824234818087890e-06 2.662178434764858774e-09
5.683000000000000000e+03 2.004862968122325944e-06 2.632961110537362744e-09
5.785000000000000000e+03 1.993053348426213206e-06 2.594382067507498647e-09
5.888000000000000000e+03 1.987469380748445852e-06 2.551844780420586127e-09
5.990000000000000000e+03 1.977723724908797544e-06 2.529549860799552381e-09
6.092000000000000000e+03 1.984854595371348966e-06 2.517124628929698429e-09
