6.100000000000000000e+01 2.156802976706134137e-06 2.708846923066123755e-08
1.630000000000000000e+02 2.131601494632297147e-06 1.642521806905454616e-08
2.660000000000000000e+02 2.117503878617956209e-06 1.274960923687638455e-08
3.680000000000000000e+02 2.110503749608695134e-06 1.087927015432983416e-08
4.700000000000000000e+02 2.128960421514554058e-06 9.698131632377595336e-09
5.720000000000000000e+02 2.118030444795620790e-06 8.759040773527077759e-09
6.740000000000000000e+02 2.138384777840033787e-06 8.102961820006311954e-09
7.770000000000000000e+02 2.116881845906425319e-06 7.505702298206586976e-09
8.790000000000000000e+02 2.117804172686203590e-06 7.070842595587245747e-09
9.810000000000000000e+02 2.113769732138081923e-06 6.677322917575177147e-09
1.083000000000000000e+03 2.126102248631191550e-06 6.391866636083323062e-09
1.186000000000000000e+03 2.121649612697475852e-06 6.069699912786841847e-09
1.288000000000000000e+03 2.124345485862842255e-06 5.854823023167567866e-09
1.390000000000000000e+03 2.120002172081241758e-06 5.627490861119386794e-09
1.492000000000000000e+03 2.117851307384888123e-06 5.426797541097123269e-09
1.594000000000000000e+03 2.121220421482657138e-06 5.256387502078594359e-09
1.696000000000000000e+03 2.122019712871361540e-06 5.073652299210574040e-09
1.799000000000000000e+03 2.121078567660930255e-06 4.951914184757717604e-09
1.901000000000000000e+03 2.122944243862691743e-06 4.817563882384304249e-09
2.003000000000000000e+03 2.123431619983194658e-06 4.697973850472254005e-09
2.106000000000000000e+03 2.120368203638236381e-06 4.550360207709514442e-09
2.208000000000000000e+03 2.120166253344273920e-06 4.467148177271436373e-09
2.310000000000000000e+03 2.118858762847980636e-06 4.362029491617919042e-09
2.412000000000000000e+03 2.117467574555466798e-06 4.268861709458249275e-09
2.514000000000000000e+03 2.123056552882915797e-06 4.189908671976608592e-09
2.616000000000000000e+03 2.118286531544778624e-06 4.078435977905221876e-09
2.719000000000000000e+03 2.114975005634120988e-06 4.016390433847521510e-09
2.821000000000000000e+03 2.118092089985626268e-06 3.946678856249101279e-09
2.923000000000000000e+03 2.119479290790686452e-06 3.880949356287234114e-09
3.025000000000000000e+03 2.127404351273613200e-06 3.828367065923176308e-09
3.128000000000000000e+03 2.119148117378611147e-06 3.733164628687274405e-09
3.230000000000000000e+03 2.122285062110975942e-06 3.695811255226721300e-09
3.332000000000000000e+03 2.118490720754744397e-06 3.634010706709613254e-09
3.434000000000000000e+03 2.121504628974212606e-06 3.583282223441889038e-09
3.536000000000000000e+03 2.117510466102983652e-06 3.508244956085005906e-09
3.639000000000000000e+03 2.113879713439342217e-06 3.469451466706440164e-09
3.741000000000000000e+03 2.126518704973544911e-06 3.441102041588210792e-09
3.843000000000000000e+03 2.118452935787034401e-06 3.383151515663028350e-09
3.945000000000000000e+03 2.114842314778646081e-06 3.333142711417619451e-09
4.048000000000000000e+03 2.120742972230268770e-06 3.284224656952476097e-09
4.150000000000000000e+03 2.118996635188421346e-06 3.256224720849514165e-09
4.252000000000000000e+03 2.111639169943607757e-06 3.206661874010374708e-09
4.354000000000000000e+03 2.105790080219315290e-06 3.158028768417176873e-09
4.456000000000000000e+03 2.101570026749045456e-06 3.101821784683782849e-09
4.559000000000000000e+03 2.084837252584678849e-06 3.056627447304136528e-09
4.661000000000000000e+03 2.089171152990313026e-06 3.029700161299162302e-09
4.763000000000000000e+03 2.077832843445637223e-06 2.981001360389639916e-09
4.865000000000000000e+03 2.070742809662685647e-06 2.938153224849131796e-09
4.968000000000000000e+03 2.054573929971267235e-06 2.871931706185837930e-09
5.070000000000000000e+03 2.047598643457534950e-06 2.847308070484574447e-09
5.172000000000000000e+03 2.040122837368143708e-06 2.808262458107479184e-09
5.274000000000000000e+03 2.029030774111720264e-06 2.766534329010011646e-09
5.376000000000000000e+03 2.020380054176456472e-06 2.727514174406260418e-09
5.478000000000000000e+03 2.014474023564631574e-06 2.682077839932589123e-09
5.581000000000000000e+03 2.009172389072842155e-06 2.661566665274838073e-09
5.683000000000000000e+03 1.997080680395381975e-06 2.623581260885003826e-09
5.785000000000000000e+03 1.989133345888451888e-06 2.588838783433195627e-09
5.888000000000000000e+03 1.979408751829707031e-06 2.542125853377015836e-09
5.990000000000000000e+03 1.973846623471052269e-06 2.524744728570906823e-09
6.092000000000000000e+03 1.973686697519411796e-06 2.502683401613469690e-09
