6.100000000000000000e+01 2.119369906265728934e-06 2.644162831287743703e-08
1.630000000000000000e+02 2.101903910348946383e-06 1.623596805318263482e-08
2.660000000000000000e+02 2.117247268193823346e-06 1.274985150389497744e-08
3.680000000000000000e+02 2.118837809595350427e-06 1.091776698939144411e-08
4.700000000000000000e+02 2.121319944805980067e-06 9.672786966398580102e-09
5.720000000000000000e+02 2.127335098612765229e-06 8.796374432017956300e-09
6.740000000000000000e+02 2.114506554186443062e-06 8.009529004694224169e-09
7.770000000000000000e+02 2.120354443574999503e-06 7.525364438326659202e-09
8.790000000000000000e+02 2.124104040498453014e-06 7.089714914193458361e-09
9.810000000000000000e+02 2.119661313151434629e-06 6.696311053728764696e-09
1.083000000000000000e+03 2.122205581255408816e-06 6.379960615597127116e-09
1.186000000000000000e+03 2.119761062761141700e-06 6.060560625516660112e-09
1.288000000000000000e+03 2.119968856075952733e-06 5.844555729138357939e-09
1.390000000000000000e+03 2.122707460407075966e-06 5.633847055305490364e-09
1.492000000000000000e+03 2.116797045155682515e-06 5.425573891717683628e-09
1.594000000000000000e+03 2.119160914244151594e-06 5.252076782669261845e-09
1.696000000000000000e+03 2.114065681716340985e-06 5.055742674298814072e-09
1.799000000000000000e+03 2.123243403863350040e-06 4.955500079914379822e-09
1.901000000000000000e+03 2.120661822242909651e-06 4.815299259301980869e-09
2.003000000000000000e+03 2.117464551469722016e-06 4.682455748971204731e-09
2.106000000000000000e+03 2.120919633517353174e-06 4.553005089537167242e-09
2.208000000000000000e+03 2.124269128176341211e-06 4.474079585738222336e-09
2.310000000000000000e+03 2.121868588889105438e-06 4.369053511860308152e-09
2.412000000000000000e+03 2.122269548501615941e-06 4.277781835092775433e-09
2.514000000000000000e+03 2.118421013857662160e-06 4.182775606365022204e-09
2.616000000000000000e+03 2.117151361908241126e-06 4.077094703891417714e-09
2.719000000000000000e+03 2.117090340808329606e-06 4.018856740801280213e-09
2.821000000000000000e+03 2.108490183533457411e-06 3.930235166319832568e-09
2.923000000000000000e+03 2.115045093582093394e-06 3.872383457119005539e-09
3.025000000000000000e+03 2.118926242291863687e-06 3.814115058179494146e-09
3.128000000000000000e+03 2.114288560219771413e-06 3.723890328215119675e-09
3.230000000000000000e+03 2.116356615901265962e-06 3.685993224514180490e-09
3.332000000000000000e+03 2.121972617504970397e-06 3.639981731690788326e-09
3.434000000000000000e+03 2.113846001412604034e-06 3.570586947485452034e-09
3.536000000000000000e+03 2.120066844417906407e-06 3.512891502732658070e-09
3.639000000000000000e+03 2.122330088974379138e-06 3.481361832081601816e-09
3.741000000000000000e+03 2.117014751816707531e-06 3.426987864981791556e-09
3.843000000000000000e+03 2.107882428099882938e-06 3.366085125409472190e-09
3.945000000000000000e+03 2.122600472845555543e-06 3.344454133526143109e-09
4.048000000000000000e+03 2.109396916032290496e-06 3.267383526193868774e-09
4.150000000000000000e+03 2.110928625811648522e-06 3.243806287184800392e-09
4.252000000000000000e+03 2.108169467185401837e-06 3.200227771106353670e-09
4.354000000000000000e+03 2.099202110320484638e-06 3.149907859814856623e-09
4.456000000000000000e+03 2.102003063171921585e-06 3.101877224113228457e-09
4.559000000000000000e+03 2.093252027695700004e-06 3.069136393604895977e-09
4.661000000000000000e+03 2.080402012264215107e-06 3.016536146696992562e-09
4.763000000000000000e+03 2.069130608396446871e-06 2.968773850320086082e-09
4.865000000000000000e+03 2.069376466890810585e-06 2.937326308977323657e-09
4.968000000000000000e+03 2.056679707989970088e-06 2.874429030457720795e-09
5.070000000000000000e+03 2.046941112587526082e-06 2.845735669478587200e-09
5.172000000000000000e+03 2.035391358367847158e-06 2.802149433429932979e-09
5.274000000000000000e+03 2.024098883543680059e-06 2.759620781398754754e-09
5.376000000000000000e+03 2.020411136921831372e-06 2.728135327155759865e-09
5.478000000000000000e+03 2.009372805268378694e-06 2.675067308655722066e-09
5.581000000000000000e+03 2.003940264928827466e-06 2.655398051356171248e-09
5.683000000000000000e+03 1.991386898256517380e-06 2.615404422312484037e-09
5.785000000000000000e+03 1.984403849362640951e-06 2.583377131487073936e-09
5.888000000000000000e+03 1.976817517940617576e-06 2.538032678640240927e-09
5.990000000000000000e+03 1.968785055985131715e-06 2.518167486212613345e-09
6.092000000000000000e+03 1.977378024636345593e-06 2.507579948951592956e-09
