6.100000000000000000e+01 1.492335421561353197e-05 1.871563023328388128e-07
1.630000000000000000e+02 1.119946379371123952e-05 8.671194004019378782e-08
2.660000000000000000e+02 9.648814725555825351e-06 5.827778771295165749e-08
3.680000000000000000e+02 8.458992079049318906e-06 4.364776358847319737e-08
4.700000000000000000e+02 7.969799983035557550e-06 3.632223951617555775e-08
5.720000000000000000e+02 7.532737045175076118e-06 3.115170622317399651e-08
6.740000000000000000e+02 7.255653755483549834e-06 2.749926327396444042e-08
7.770000000000000000e+02 7.093907308109355131e-06 2.517644036226686068e-08
8.790000000000000000e+02 6.967623970337852987e-06 2.325784347522717178e-08
9.810000000000000000e+02 6.897179888129441565e-06 2.178377525538223300e-08
1.083000000000000000e+03 6.772666555796934641e-06 2.035442025993927050e-08
1.186000000000000000e+03 6.743688784639808335e-06 1.929594749510539796e-08
1.288000000000000000e+03 6.672620042244964400e-06 1.839880051801209188e-08
1.390000000000000000e+03 6.653827566934869394e-06 1.765875261986955335e-08
1.492000000000000000e+03 6.623427904143920617e-06 1.697214064627484244e-08
1.594000000000000000e+03 6.619390388739016726e-06 1.640535623521938647e-08
1.696000000000000000e+03 6.549210197132564414e-06 1.567044551772311102e-08
1.799000000000000000e+03 6.547242306542158382e-06 1.527537782344359967e-08
1.901000000000000000e+03 6.509612295963287930e-06 1.477216071045595317e-08
2.003000000000000000e+03 6.495940560286953261e-06 1.436512865168838191e-08
2.106000000000000000e+03 6.505080956165775929e-06 1.396117864341819992e-08
2.208000000000000000e+03 6.481930805874035911e-06 1.365505055236002992e-08
2.310000000000000000e+03 6.448150356627246810e-06 1.328233741223624898e-08
2.412000000000000000e+03 6.417775462095285193e-06 1.293385330822266971e-08
2.514000000000000000e+03 6.442406238978923925e-06 1.271649885396106740e-08
2.616000000000000000e+03 6.417202405320996144e-06 1.235968181888566892e-08
2.719000000000000000e+03 6.414116491583975776e-06 1.217655702891049331e-08
2.821000000000000000e+03 6.405902250814425836e-06 1.193753511729642581e-08
2.923000000000000000e+03 6.395355867100604535e-06 1.171101805310469810e-08
3.025000000000000000e+03 6.394591054588878156e-06 1.150885299152765401e-08
3.128000000000000000e+03 6.392604744685588314e-06 1.126301417226045769e-08
3.230000000000000000e+03 6.389736606734504631e-06 1.112708203748180909e-08
3.332000000000000000e+03 6.374057426710933416e-06 1.093161650662038311e-08
3.434000000000000000e+03 6.379899981519559353e-06 1.077791815739320483e-08
3.536000000000000000e+03 6.376138150423931875e-06 1.056136401550750034e-08
3.639000000000000000e+03 6.369019553699891907e-06 1.045388507798190820e-08
3.741000000000000000e+03 6.354325919190828883e-06 1.028326467936397801e-08
3.843000000000000000e+03 6.350418598812607120e-06 1.014173585485048629e-08
3.945000000000000000e+03 6.371481084811805161e-06 1.004138642566869436e-08
4.048000000000000000e+03 6.342533056380659464e-06 9.822879738736791370e-09
4.150000000000000000e+03 6.347498166912885648e-06 9.753580986667681194e-09
4.252000000000000000e+03 6.302203527821800016e-06 9.567589514626670698e-09
4.354000000000000000e+03 6.301098382760562705e-06 9.453816044683030172e-09
4.456000000000000000e+03 6.278144767211679835e-06 9.266056546502700934e-09
4.559000000000000000e+03 6.263817966823459401e-06 9.183423252193504642e-09
4.661000000000000000e+03 6.226750637199326986e-06 9.029396320225710716e-09
4.763000000000000000e+03 6.203319918248643144e-06 8.900129755029502430e-09
4.865000000000000000e+03 6.187252158246348864e-06 8.782809146496433015e-09
4.968000000000000000e+03 6.147782759147363046e-06 8.591874710303306987e-09
5.070000000000000000e+03 6.105854614148895858e-06 8.489519602844875276e-09
5.172000000000000000e+03 6.089030529752926479e-06 8.384052266145172696e-09
5.274000000000000000e+03 6.050569029267940582e-06 8.248748070449267807e-09
5.376000000000000000e+03 6.027010596437716094e-06 8.136611463655932731e-09
5.478000000000000000e+03 6.008532815055632566e-06 7.997078376527099648e-09
5.581000000000000000e+03 5.955287171330142652e-06 7.892350624130362005e-09
5.683000000000000000e+03 5.951850494028063810e-06 7.816524170501611398e-09
5.785000000000000000e+03 5.919085660680382469e-06 7.705399241523259107e-09
5.888000000000000000e+03 5.885860437788648027e-06 7.557157768321831464e-09
5.990000000000000000e+03 5.869390713601412619e-06 7.507558215703744259e-09
6.092000000000000000e+03 5.879451331803576716e-06 7.456255734922355638e-09
