6.100000000000000000e+01 1.470421656528810092e-05 1.848247157689816810e-07
1.630000000000000000e+02 1.120051230438002759e-05 8.674420626136885583e-08
2.660000000000000000e+02 9.666086752116356801e-06 5.841557340722347525e-08
3.680000000000000000e+02 8.472890886090406355e-06 4.374125856588233421e-08
4.700000000000000000e+02 8.004093042314390795e-06 3.647339368597018949e-08
5.720000000000000000e+02 7.539558249273569881e-06 3.117238344354863984e-08
6.740000000000000000e+02 7.332221076983775067e-06 2.780214602160912070e-08
7.770000000000000000e+02 7.140413963765601107e-06 2.535060364269761651e-08
8.790000000000000000e+02 6.988611417811212461e-06 2.330019296190742505e-08
9.810000000000000000e+02 6.909641778688602656e-06 2.182221778132313369e-08
1.083000000000000000e+03 6.800885796662234191e-06 2.045496391588375731e-08
1.186000000000000000e+03 6.781249673744777921e-06 1.939058948476053516e-08
1.288000000000000000e+03 6.689436386558460175e-06 1.844988365386119629e-08
1.390000000000000000e+03 6.669577254967112919e-06 1.769956779860466960e-08
1.492000000000000000e+03 6.614082934527716825e-06 1.695543054152941515e-08
1.594000000000000000e+03 6.612942009237464902e-06 1.638935499877691359e-08
1.696000000000000000e+03 6.561728338742727074e-06 1.568839110245176849e-08
1.799000000000000000e+03 6.528186838886634627e-06 1.523568551194530091e-08
1.901000000000000000e+03 6.527466818537610424e-06 1.481302805005652112e-08
2.003000000000000000e+03 6.493827825681301647e-06 1.436799938797376317e-08
2.106000000000000000e+03 6.509748436682835246e-06 1.397299879819836926e-08
2.208000000000000000e+03 6.472111781369804955e-06 1.363210185573336199e-08
2.310000000000000000e+03 6.469972006055356339e-06 1.332442656878139245e-08
2.412000000000000000e+03 6.462655318296269140e-06 1.302537040922086001e-08
2.514000000000000000e+03 6.463964788823608282e-06 1.275785058283375022e-08
2.616000000000000000e+03 6.446050551809714245e-06 1.241348796676960386e-08
2.719000000000000000e+03 6.435940871429606006e-06 1.221852951500382282e-08
2.821000000000000000e+03 6.433419836587165416e-06 1.199051155772664640e-08
2.923000000000000000e+03 6.405970530916490269e-06 1.173007316109608609e-08
3.025000000000000000e+03 6.387234371991130908e-06 1.149782075072335428e-08
3.128000000000000000e+03 6.401155306161566544e-06 1.127239647459012393e-08
3.230000000000000000e+03 6.369307531951127844e-06 1.109720060252556386e-08
3.332000000000000000e+03 6.398692294079713035e-06 1.097573059037276113e-08
3.434000000000000000e+03 6.380210511046052369e-06 1.077365901899450197e-08
3.536000000000000000e+03 6.390361019767530428e-06 1.058676823358668244e-08
3.639000000000000000e+03 6.374693451973098760e-06 1.046028507910769471e-08
3.741000000000000000e+03 6.374723388282276970e-06 1.031795947944657230e-08
3.843000000000000000e+03 6.358872970488858505e-06 1.015876265291532507e-08
3.945000000000000000e+03 6.366006702751512698e-06 1.002923181023514523e-08
4.048000000000000000e+03 6.353615657857595423e-06 9.840031482913640684e-09
4.150000000000000000e+03 6.340004670676161487e-06 9.743676805861243639e-09
4.252000000000000000e+03 6.339308803143713835e-06 9.622776110414626740e-09
4.354000000000000000e+03 6.300898467790915895e-06 9.453211545477375886e-09
4.456000000000000000e+03 6.307003077870272111e-06 9.306297838447571315e-09
4.559000000000000000e+03 6.261843148167148557e-06 9.183566828362134517e-09
4.661000000000000000e+03 6.248198978479775612e-06 9.061845403263084282e-09
4.763000000000000000e+03 6.219017451134981446e-06 8.920621930763941691e-09
4.865000000000000000e+03 6.178798918725090404e-06 8.769465574509645419e-09
4.968000000000000000e+03 6.162849538858221846e-06 8.613811526812422335e-09
5.070000000000000000e+03 6.134368039129822918e-06 8.530554127592196421e-09
5.172000000000000000e+03 6.097229101556494127e-06 8.393713901510997965e-09
5.274000000000000000e+03 6.073563005778421710e-06 8.280439251017503876e-09
5.376000000000000000e+03 6.036707624424825847e-06 8.150668742664223964e-09
5.478000000000000000e+03 6.018602373147730480e-06 8.012036259271003928e-09
5.581000000000000000e+03 5.977316552494480302e-06 7.921150670965884715e-09
5.683000000000000000e+03 5.948670789303330254e-06 7.812542701099189054e-09
5.785000000000000000e+03 5.937354968382649060e-06 7.728719387032219205e-09
5.888000000000000000e+03 5.901387658688331862e-06 7.577814253598724968e-09
5.990000000000000000e+03 5.878404785144930947e-06 7.520278376464461553e-09
6.092000000000000000e+03 5.893138717676929361e-06 7.471600806739535904e-09
