6.100000000000000000e+01 1.455029812708215874e-05 1.826181180299897630e-07
1.630000000000000000e+02 1.131646022182691549e-05 8.768304162282067407e-08
2.660000000000000000e+02 9.732649277814770018e-06 5.873390773089382647e-08
3.680000000000000000e+02 8.461723121908168538e-06 4.364440539016687105e-08
4.700000000000000000e+02 7.905495380415863239e-06 3.604769178614054643e-08
5.720000000000000000e+02 7.564404222913468509e-06 3.129435967867527655e-08
6.740000000000000000e+02 7.286749841276745890e-06 2.762220888778020924e-08
7.770000000000000000e+02 7.104794350189273938e-06 2.521643867325313292e-08
8.790000000000000000e+02 6.957246968405963600e-06 2.321194785867591736e-08
9.810000000000000000e+02 6.856730096816274474e-06 2.166067263487627660e-08
1.083000000000000000e+03 6.812805834975443995e-06 2.048188840535049722e-08
1.186000000000000000e+03 6.744583061616698478e-06 1.928929204796691529e-08
1.288000000000000000e+03 6.679871660640321642e-06 1.842181074774967782e-08
1.390000000000000000e+03 6.618039786719493613e-06 1.756421640010755380e-08
1.492000000000000000e+03 6.611402450649563437e-06 1.694148529475276338e-08
1.594000000000000000e+03 6.567956819449487993e-06 1.627911973917467476e-08
1.696000000000000000e+03 6.558297727852005318e-06 1.568598963833009603e-08
1.799000000000000000e+03 6.556415350222538017e-06 1.530262948672729560e-08
1.901000000000000000e+03 6.502802038230990759e-06 1.476104869327997603e-08
2.003000000000000000e+03 6.489523368565573574e-06 1.434412074899334159e-08
2.106000000000000000e+03 6.503427997694655196e-06 1.396377744743446413e-08
2.208000000000000000e+03 6.465069430078074003e-06 1.361643874547916119e-08
2.310000000000000000e+03 6.436889455397539367e-06 1.325807140707031960e-08
2.412000000000000000e+03 6.447942657256217907e-06 1.299719319525068053e-08
2.514000000000000000e+03 6.426613303291606435e-06 1.268613935445109113e-08
2.616000000000000000e+03 6.420781211154851313e-06 1.236705600490553885e-08
2.719000000000000000e+03 6.403537226674644710e-06 1.215164482313971538e-08
2.821000000000000000e+03 6.417593024458210387e-06 1.196288925882289164e-08
2.923000000000000000e+03 6.389469581940928311e-06 1.169502638299411619e-08
3.025000000000000000e+03 6.376513718014451079e-06 1.148002577558142733e-08
3.128000000000000000e+03 6.391448700533408375e-06 1.126052601074473718e-08
3.230000000000000000e+03 6.411034317071523440e-06 1.116537546357946591e-08
3.332000000000000000e+03 6.367967695977163547e-06 1.091993788688712718e-08
3.434000000000000000e+03 6.348584952921754937e-06 1.072636295978350710e-08
3.536000000000000000e+03 6.378904232841540922e-06 1.056368277893833316e-08
3.639000000000000000e+03 6.359045792902575125e-06 1.043646990934284373e-08
3.741000000000000000e+03 6.351592580740312800e-06 1.028321215718326866e-08
3.843000000000000000e+03 6.373735531898626457e-06 1.017621921166378926e-08
3.945000000000000000e+03 6.356412998014799958e-06 1.001925943397099772e-08
4.048000000000000000e+03 6.322699506722896191e-06 9.790757052801936289e-09
4.150000000000000000e+03 6.341358689931873815e-06 9.744730678809395356e-09
4.252000000000000000e+03 6.319396505468388397e-06 9.594444415652630335e-09
4.354000000000000000e+03 6.300375449334529782e-06 9.452510279005886141e-09
4.456000000000000000e+03 6.291240346211128504e-06 9.285399929800452301e-09
4.559000000000000000e+03 6.260843844580354430e-06 9.180586280353896413e-09
4.661000000000000000e+03 6.237026980924626878e-06 9.043876444007338787e-09
4.763000000000000000e+03 6.196500240424138946e-06 8.889635991393096690e-09
4.865000000000000000e+03 6.178144958790002230e-06 8.767724969262884473e-09
4.968000000000000000e+03 6.124849353150527904e-06 8.562388768035931953e-09
5.070000000000000000e+03 6.098632189999631144e-06 8.479328522178861091e-09
5.172000000000000000e+03 6.084047623208345714e-06 8.374639210095370139e-09
5.274000000000000000e+03 6.042425624293284885e-06 8.239125494483799338e-09
5.376000000000000000e+03 6.030417091304335715e-06 8.141338795629836453e-09
5.478000000000000000e+03 6.005633482412504042e-06 7.994245562432847211e-09
5.581000000000000000e+03 5.970637868635670906e-06 7.912725335189222357e-09
5.683000000000000000e+03 5.947661373934551985e-06 7.811115228446251501e-09
5.785000000000000000e+03 5.929866131271789825e-06 7.719159510172782041e-09
5.888000000000000000e+03 5.898833936998551503e-06 7.573888657730496419e-09
5.990000000000000000e+03 5.865106436293596889e-06 7.501560174850162796e-09
6.092000000000000000e+03 5.887479302759326548e-06 7.467166361901822945e-09
