6.100000000000000000e+01 5.769177645168220613e-04 7.239915199561412269e-06
1.630000000000000000e+02 5.767928480626919197e-04 4.456367234794158350e-06
2.660000000000000000e+02 5.636683895008006697e-04 3.395005272467310366e-06
3.680000000000000000e+02 5.671828327269708798e-04 2.924633189059153742e-06
4.700000000000000000e+02 5.672483030755369037e-04 2.584387787452144958e-06
5.720000000000000000e+02 5.652907629765907375e-04 2.338373626062093198e-06
6.740000000000000000e+02 5.643685526716905182e-04 2.140547671528052948e-06
7.770000000000000000e+02 5.676061119668055236e-04 2.012403977554421096e-06
8.790000000000000000e+02 5.689579343561734131e-04 1.899008564945634876e-06
9.810000000000000000e+02 5.685406140381796519e-04 1.795420929904491428e-06
1.083000000000000000e+03 5.694839837662107147e-04 1.712586208551775970e-06
1.186000000000000000e+03 5.662095290418257820e-04 1.618992688335759020e-06
1.288000000000000000e+03 5.678245051034744306e-04 1.565987254937640962e-06
1.390000000000000000e+03 5.651187977467954674e-04 1.500093800121280085e-06
1.492000000000000000e+03 5.683907745666739271e-04 1.455918120050352072e-06
1.594000000000000000e+03 5.650858126490514600e-04 1.400769190814044656e-06
1.696000000000000000e+03 5.664005802133789680e-04 1.354653399035898492e-06
1.799000000000000000e+03 5.664945457894820374e-04 1.322066780137890821e-06
1.901000000000000000e+03 5.672797600347722746e-04 1.287741206867637179e-06
2.003000000000000000e+03 5.667101155856354641e-04 1.252813323474098148e-06
2.106000000000000000e+03 5.674234237864488094e-04 1.217973914140164104e-06
2.208000000000000000e+03 5.698209327433578818e-04 1.200333554434922967e-06
2.310000000000000000e+03 5.667933211773705125e-04 1.167568829149974336e-06
2.412000000000000000e+03 5.654835305244194053e-04 1.139639527882669302e-06
2.514000000000000000e+03 5.658047067495955255e-04 1.116684577993676265e-06
2.616000000000000000e+03 5.679344729981006213e-04 1.094285766076752707e-06
2.719000000000000000e+03 5.669836234204265720e-04 1.076016224577344364e-06
2.821000000000000000e+03 5.653347524957751287e-04 1.053901668970095925e-06
2.923000000000000000e+03 5.663485401051342747e-04 1.036916483638668081e-06
3.025000000000000000e+03 5.660214952607814896e-04 1.018384855513172238e-06
3.128000000000000000e+03 5.665099082883554233e-04 9.980628993845059602e-07
3.230000000000000000e+03 5.658115514020997010e-04 9.855193192817350343e-07
3.332000000000000000e+03 5.672099714530409991e-04 9.730919999569292640e-07
3.434000000000000000e+03 5.673149879242710050e-04 9.578388159548416552e-07
3.536000000000000000e+03 5.670148700253811822e-04 9.394383305120597695e-07
3.639000000000000000e+03 5.667073246903084468e-04 9.302211657059072180e-07
3.741000000000000000e+03 5.677848268601465385e-04 9.188328183181710202e-07
3.843000000000000000e+03 5.674650808433839237e-04 9.062970067278059141e-07
3.945000000000000000e+03 5.675347974226507700e-04 8.945014723079757951e-07
4.048000000000000000e+03 5.669149636896133118e-04 8.779826778586705983e-07
4.150000000000000000e+03 5.660487021176288875e-04 8.698180254634554255e-07
4.252000000000000000e+03 5.659717051333401378e-04 8.590418362647409792e-07
4.354000000000000000e+03 5.639844203220492061e-04 8.464256329481596553e-07
4.456000000000000000e+03 5.620849226000032518e-04 8.294788081550233916e-07
4.559000000000000000e+03 5.603345770285783536e-04 8.214397925418640383e-07
4.661000000000000000e+03 5.587603190391047560e-04 8.102138734559283158e-07
4.763000000000000000e+03 5.567323877458899700e-04 7.985284432409658462e-07
4.865000000000000000e+03 5.519810685417326189e-04 7.837056655893976250e-07
4.968000000000000000e+03 5.491292376497738633e-04 7.675044300718741731e-07
5.070000000000000000e+03 5.476892252716043970e-04 7.616326191667601367e-07
5.172000000000000000e+03 5.445128427717247288e-04 7.495770341902320659e-07
5.274000000000000000e+03 5.445139060529844257e-04 7.423835006474280964e-07
5.376000000000000000e+03 5.400031837598987363e-04 7.291142730480081707e-07
5.478000000000000000e+03 5.381355786551781598e-04 7.161777168744018238e-07
5.581000000000000000e+03 5.353574585891913377e-04 7.094591889240108985e-07
5.683000000000000000e+03 5.341069781530908720e-04 7.015095101416134886e-07
5.785000000000000000e+03 5.297621473373806053e-04 6.894166147110825061e-07
5.888000000000000000e+03 5.287131583594823110e-04 6.790319153045315565e-07
5.990000000000000000e+03 5.254418142565076780e-04 6.721219438016520651e-07
6.092000000000000000e+03 5.277128905731076148e-04 6.691343683263058107e-07
