6.100000000000000000e+01 5.729150571541135944e-04 7.197912728177811433e-06
1.630000000000000000e+02 5.726319763633992959e-04 4.427566941417915053e-06
2.660000000000000000e+02 5.632911419106206765e-04 3.396263009068764632e-06
3.680000000000000000e+02 5.643497041202186334e-04 2.904472667503560188e-06
4.700000000000000000e+02 5.662897017626224985e-04 2.585824565033331533e-06
5.720000000000000000e+02 5.668905580778302745e-04 2.343201444210936630e-06
6.740000000000000000e+02 5.632726118538884880e-04 2.133283423456061257e-06
7.770000000000000000e+02 5.661032800561852573e-04 2.008950594026808471e-06
8.790000000000000000e+02 5.680138596936506025e-04 1.895872808095214726e-06
9.810000000000000000e+02 5.674556422574153491e-04 1.793082908289433779e-06
1.083000000000000000e+03 5.622490849076757424e-04 1.689942506433130021e-06
1.186000000000000000e+03 5.644200579443920621e-04 1.614773973824076778e-06
1.288000000000000000e+03 5.668567560801014357e-04 1.562460742924058280e-06
1.390000000000000000e+03 5.682004167173589039e-04 1.508314049658250117e-06
1.492000000000000000e+03 5.644084116574535348e-04 1.445675595648321633e-06
1.594000000000000000e+03 5.644969428594177625e-04 1.399481717455905919e-06
1.696000000000000000e+03 5.628692464395446821e-04 1.346334201895167082e-06
1.799000000000000000e+03 5.644312738979213829e-04 1.316648672389873358e-06
1.901000000000000000e+03 5.645448934647338867e-04 1.281341843562933199e-06
2.003000000000000000e+03 5.615148222557590774e-04 1.241706456434190811e-06
2.106000000000000000e+03 5.637664108126196495e-04 1.210367808470779848e-06
2.208000000000000000e+03 5.663448432359049134e-04 1.193318237575115947e-06
2.310000000000000000e+03 5.644218817085041228e-04 1.161864834099975896e-06
2.412000000000000000e+03 5.655893998766595848e-04 1.139913620220795599e-06
2.514000000000000000e+03 5.630211303817611894e-04 1.111526439690185263e-06
2.616000000000000000e+03 5.651306505262929407e-04 1.088184741732272304e-06
2.719000000000000000e+03 5.656529400617616539e-04 1.073897998101241128e-06
2.821000000000000000e+03 5.660290351032289287e-04 1.055064558006406153e-06
2.923000000000000000e+03 5.656652419342594364e-04 1.035790951706925434e-06
3.025000000000000000e+03 5.663364932614595301e-04 1.019399464805943482e-06
3.128000000000000000e+03 5.653183445748667787e-04 9.959579494053041045e-07
3.230000000000000000e+03 5.657775526863658040e-04 9.850909178222120030e-07
3.332000000000000000e+03 5.649650827433239748e-04 9.688826840619213109e-07
3.434000000000000000e+03 5.639557415734521581e-04 9.526762342826476703e-07
3.536000000000000000e+03 5.643185686683250624e-04 9.347907267975239323e-07
3.639000000000000000e+03 5.648242444345298119e-04 9.270022240552663555e-07
3.741000000000000000e+03 5.655230591102968028e-04 9.154200590678601270e-07
3.843000000000000000e+03 5.644520029354706692e-04 9.014297989485682170e-07
3.945000000000000000e+03 5.677408193185757212e-04 8.948426062286156364e-07
4.048000000000000000e+03 5.659690305572473131e-04 8.764787699131953844e-07
4.150000000000000000e+03 5.637317827808779186e-04 8.662302563772752747e-07
4.252000000000000000e+03 5.636505662952689911e-04 8.558880726537450750e-07
4.354000000000000000e+03 5.629327014899477644e-04 8.444412934727882627e-07
4.456000000000000000e+03 5.607835139292782854e-04 8.275247728282028625e-07
4.559000000000000000e+03 5.591473185107900812e-04 8.197551107051690893e-07
4.661000000000000000e+03 5.549614248795493778e-04 8.050218916410554146e-07
4.763000000000000000e+03 5.530714183791329104e-04 7.932728810238919182e-07
4.865000000000000000e+03 5.522809985489129806e-04 7.837616338561493175e-07
4.968000000000000000e+03 5.482377558754245647e-04 7.664048927279360300e-07
5.070000000000000000e+03 5.452850726497440303e-04 7.581889301217578873e-07
5.172000000000000000e+03 5.428736742132440765e-04 7.471887569429217319e-07
5.274000000000000000e+03 5.390976634906985724e-04 7.349777652713580954e-07
5.376000000000000000e+03 5.391578028366874990e-04 7.279680004588868994e-07
5.478000000000000000e+03 5.363508491549763687e-04 7.140067711512526208e-07
5.581000000000000000e+03 5.337608796972813678e-04 7.072671153313949932e-07
5.683000000000000000e+03 5.316764986255949387e-04 6.980800409069568764e-07
5.785000000000000000e+03 5.289544417979122641e-04 6.886995222030201715e-07
5.888000000000000000e+03 5.279611656308893976e-04 6.778835073701692753e-07
5.990000000000000000e+03 5.263396628678383270e-04 6.733109741429937445e-07
6.092000000000000000e+03 5.279451276386917585e-04 6.694157057649508015e-07
