6.100000000000000000e+01 5.833359423197488538e-04 7.282362435093369436e-06
1.630000000000000000e+02 5.645238955289135462e-04 4.362296481505522795e-06
2.660000000000000000e+02 5.724277675755127257e-04 3.452902157577679962e-06
3.680000000000000000e+02 5.710472955629126686e-04 2.942212549441960261e-06
4.700000000000000000e+02 5.644916403447147258e-04 2.572587166193662198e-06
5.720000000000000000e+02 5.685794284783468166e-04 2.351885113965100426e-06
6.740000000000000000e+02 5.722311326354963127e-04 2.168257824991644721e-06
7.770000000000000000e+02 5.690210047813158180e-04 2.020466235292207719e-06
8.790000000000000000e+02 5.652560880569581928e-04 1.886380204260153497e-06
9.810000000000000000e+02 5.675573800134810784e-04 1.792835003735745772e-06
1.083000000000000000e+03 5.652554941024938049e-04 1.698946786901792612e-06
1.186000000000000000e+03 5.643888440486072430e-04 1.614312633835367533e-06
1.288000000000000000e+03 5.669360049416529703e-04 1.563835770555214335e-06
1.390000000000000000e+03 5.687387240392912519e-04 1.508864463899174829e-06
1.492000000000000000e+03 5.667977020057679300e-04 1.452885504622881803e-06
1.594000000000000000e+03 5.658387460714218043e-04 1.402417761555293689e-06
1.696000000000000000e+03 5.683992481079695302e-04 1.358746796297218711e-06
1.799000000000000000e+03 5.689768376777683051e-04 1.327557297506605535e-06
1.901000000000000000e+03 5.677734925627020380e-04 1.289304831333114698e-06
2.003000000000000000e+03 5.653020411776880525e-04 1.250088117845966418e-06
2.106000000000000000e+03 5.634867103887040030e-04 1.209804642263610998e-06
2.208000000000000000e+03 5.686140803875738229e-04 1.197127857478547022e-06
2.310000000000000000e+03 5.668519430147183399e-04 1.167512378835975621e-06
2.412000000000000000e+03 5.665971286225090836e-04 1.142551888522742403e-06
2.514000000000000000e+03 5.674469004966688646e-04 1.119631344088675700e-06
2.616000000000000000e+03 5.672654645043929142e-04 1.092602881069316410e-06
2.719000000000000000e+03 5.698395398334477361e-04 1.081796183430786964e-06
2.821000000000000000e+03 5.688738595000929644e-04 1.060206775709890627e-06
2.923000000000000000e+03 5.679685591722257419e-04 1.040025243756798294e-06
3.025000000000000000e+03 5.688692019319451822e-04 1.023934746949345946e-06
3.128000000000000000e+03 5.669505032294920241e-04 9.985121493406618010e-07
3.230000000000000000e+03 5.673723936611546875e-04 9.882594895747718178e-07
3.332000000000000000e+03 5.678028509703331086e-04 9.738344990965111396e-07
3.434000000000000000e+03 5.664913037878607739e-04 9.569400110612248962e-07
3.536000000000000000e+03 5.668767145478058106e-04 9.392145160233013215e-07
3.639000000000000000e+03 5.662747245573964685e-04 9.290190336269756168e-07
3.741000000000000000e+03 5.663458999371621169e-04 9.169009001797056040e-07
3.843000000000000000e+03 5.669849288370428474e-04 9.052438303425473186e-07
3.945000000000000000e+03 5.660864071104405610e-04 8.923835329698624673e-07
4.048000000000000000e+03 5.667346854340552702e-04 8.774795425429715973e-07
4.150000000000000000e+03 5.654326575728453944e-04 8.690787670363305382e-07
4.252000000000000000e+03 5.659748145555816351e-04 8.590423302463517801e-07
4.354000000000000000e+03 5.628246431810656619e-04 8.446047159530630328e-07
4.456000000000000000e+03 5.624173713383697273e-04 8.299464940182774666e-07
4.559000000000000000e+03 5.615868303358705765e-04 8.231965271484619139e-07
4.661000000000000000e+03 5.578357600089471754e-04 8.089969168119342719e-07
4.763000000000000000e+03 5.551121209638976107e-04 7.963929696067097119e-07
4.865000000000000000e+03 5.519471841311067439e-04 7.835322869400441626e-07
4.968000000000000000e+03 5.503404204666996176e-04 7.692753869801081317e-07
5.070000000000000000e+03 5.474779703424367079e-04 7.612032302504203981e-07
5.172000000000000000e+03 5.445545717716076444e-04 7.495675526244347220e-07
5.274000000000000000e+03 5.435209056741788008e-04 7.409468343428423334e-07
5.376000000000000000e+03 5.406815914467975664e-04 7.301566569387926759e-07
5.478000000000000000e+03 5.386877782117667707e-04 7.169356892658243946e-07
5.581000000000000000e+03 5.350323201505664946e-04 7.090104042473363243e-07
5.683000000000000000e+03 5.344807409013963787e-04 7.020011886802882458e-07
5.785000000000000000e+03 5.295529469954282295e-04 6.894539627503616017e-07
5.888000000000000000e+03 5.287045133251201071e-04 6.786783701123621527e-07
5.990000000000000000e+03 5.277490558483719256e-04 6.750439266597775628e-07
6.092000000000000000e+03 5.290811818985096402e-04 6.709833547582790160e-07
