6.100000000000000000e+01 5.753148027998389227e-04 7.235657827084757968e-06
1.630000000000000000e+02 5.685859907406912335e-04 4.385236591400856040e-06
2.660000000000000000e+02 5.672166000034989776e-04 3.419929718050060582e-06
3.680000000000000000e+02 5.625748591993484258e-04 2.899530480603726934e-06
4.700000000000000000e+02 5.687905306148532784e-04 2.594220015964816637e-06
5.720000000000000000e+02 5.663144086643224877e-04 2.343633772519859696e-06
6.740000000000000000e+02 5.688810110443286768e-04 2.156522769935308103e-06
7.770000000000000000e+02 5.641891118062244232e-04 2.001512200673829553e-06
8.790000000000000000e+02 5.694185988449034907e-04 1.899629704055865802e-06
9.810000000000000000e+02 5.709808887865835134e-04 1.803422103854625106e-06
1.083000000000000000e+03 5.678749285404823552e-04 1.707256640962039260e-06
1.186000000000000000e+03 5.659264196961254169e-04 1.619005964717691136e-06
1.288000000000000000e+03 5.678668466082982102e-04 1.565194980483399441e-06
1.390000000000000000e+03 5.657421910062824513e-04 1.501019931986380341e-06
1.492000000000000000e+03 5.675699850779653520e-04 1.454310646374265814e-06
1.594000000000000000e+03 5.665950687758879037e-04 1.404692364938580599e-06
1.696000000000000000e+03 5.678331193060127784e-04 1.357860758149195226e-06
1.799000000000000000e+03 5.675295213596920655e-04 1.324206843849236828e-06
1.901000000000000000e+03 5.674385267570102682e-04 1.288001441841109678e-06
2.003000000000000000e+03 5.693123511936594265e-04 1.259195361519888871e-06
2.106000000000000000e+03 5.658374604147859647e-04 1.214722101315469386e-06
2.208000000000000000e+03 5.668876485102324623e-04 1.194028811836280427e-06
2.310000000000000000e+03 5.671149550210050592e-04 1.168091010613957522e-06
2.412000000000000000e+03 5.659908827104498125e-04 1.141016956320372906e-06
2.514000000000000000e+03 5.697457849363548200e-04 1.124349093425275839e-06
2.616000000000000000e+03 5.654510642562964821e-04 1.089025766642214397e-06
2.719000000000000000e+03 5.677691076683975043e-04 1.077668882685334631e-06
2.821000000000000000e+03 5.678333884367300563e-04 1.058330940011848823e-06
2.923000000000000000e+03 5.674970251221156826e-04 1.039030811937042888e-06
3.025000000000000000e+03 5.660436872819610667e-04 1.018792997662516771e-06
3.128000000000000000e+03 5.676873458918687372e-04 9.998758916010904205e-07
3.230000000000000000e+03 5.659275825946007404e-04 9.858630725633150675e-07
3.332000000000000000e+03 5.659937766736713267e-04 9.706708388723282809e-07
3.434000000000000000e+03 5.664351107832972564e-04 9.567323791897096702e-07
3.536000000000000000e+03 5.670599695662111375e-04 9.393194765242913464e-07
3.639000000000000000e+03 5.677462251504177817e-04 9.315955635190965209e-07
3.741000000000000000e+03 5.653089919459416621e-04 9.150357996499276137e-07
3.843000000000000000e+03 5.660126822530579371e-04 9.037571563872335469e-07
3.945000000000000000e+03 5.674192190964957166e-04 8.942518997683847307e-07
4.048000000000000000e+03 5.671684850992812213e-04 8.785355760159567474e-07
4.150000000000000000e+03 5.653844852940999831e-04 8.688022199675795530e-07
4.252000000000000000e+03 5.648748533841337982e-04 8.575951565049445641e-07
4.354000000000000000e+03 5.639080947947863959e-04 8.463503750221906109e-07
4.456000000000000000e+03 5.626377759143927956e-04 8.302466795181872649e-07
4.559000000000000000e+03 5.610454674649851571e-04 8.225937840184614780e-07
4.661000000000000000e+03 5.552560357957713605e-04 8.050458711614012577e-07
4.763000000000000000e+03 5.547189787992356158e-04 7.957034714491947566e-07
4.865000000000000000e+03 5.525807160440071803e-04 7.843690289527134858e-07
4.968000000000000000e+03 5.508749209205014491e-04 7.700278239874852619e-07
5.070000000000000000e+03 5.479637793640438400e-04 7.619316901502065067e-07
5.172000000000000000e+03 5.448712366993923402e-04 7.500155446748358848e-07
5.274000000000000000e+03 5.431264018551846574e-04 7.404702669204631578e-07
5.376000000000000000e+03 5.394049270190634559e-04 7.284503849690344955e-07
5.478000000000000000e+03 5.378143538873792102e-04 7.158487967821584501e-07
5.581000000000000000e+03 5.351481592702231425e-04 7.091523438073807374e-07
5.683000000000000000e+03 5.338638978900761816e-04 7.011854227381483547e-07
5.785000000000000000e+03 5.314954101080361735e-04 6.918048594991810115e-07
5.888000000000000000e+03 5.311582345823994029e-04 6.820194563747362173e-07
5.990000000000000000e+03 5.279192214212566131e-04 6.753951210012453594e-07
6.092000000000000000e+03 5.294200046286936514e-04 6.711791110446817919e-07
