6.100000000000000000e+01 5.911396205414156356e-04 7.386014823427750130e-06
1.630000000000000000e+02 5.796430391225766178e-04 4.477308043858660966e-06
2.660000000000000000e+02 5.636226614698348035e-04 3.400812239451448807e-06
3.680000000000000000e+02 5.658784477698315402e-04 2.914917330388606230e-06
4.700000000000000000e+02 5.639732287603090380e-04 2.571770971311690689e-06
5.720000000000000000e+02 5.714211114050328933e-04 2.363866812142943831e-06
6.740000000000000000e+02 5.705339957999820992e-04 2.161667955941178859e-06
7.770000000000000000e+02 5.658892601373166110e-04 2.008066141798249976e-06
8.790000000000000000e+02 5.659153349727384088e-04 1.889189552650315323e-06
9.810000000000000000e+02 5.703859106508090684e-04 1.800995794335302422e-06
1.083000000000000000e+03 5.669358639779531646e-04 1.705514353860375931e-06
1.186000000000000000e+03 5.672902681735659527e-04 1.622548363036314339e-06
1.288000000000000000e+03 5.663380149435919345e-04 1.561065727857283369e-06
1.390000000000000000e+03 5.652937262972650839e-04 1.500790593414991048e-06
1.492000000000000000e+03 5.666775145080431807e-04 1.452199706907472175e-06
1.594000000000000000e+03 5.642716176691985356e-04 1.398971825188776157e-06
1.696000000000000000e+03 5.670947036368292242e-04 1.355920367547335421e-06
1.799000000000000000e+03 5.649543510648577386e-04 1.317934931176424142e-06
1.901000000000000000e+03 5.671617922833851111e-04 1.287673522885943583e-06
2.003000000000000000e+03 5.651623189537344303e-04 1.249524805156621839e-06
2.106000000000000000e+03 5.660673055383897952e-04 1.215254176490607876e-06
2.208000000000000000e+03 5.656133428406489574e-04 1.191256200441428541e-06
2.310000000000000000e+03 5.650510994304327539e-04 1.164258567962180473e-06
2.412000000000000000e+03 5.688528586534859948e-04 1.146407915931658699e-06
2.514000000000000000e+03 5.672727942765439088e-04 1.119823069833640926e-06
2.616000000000000000e+03 5.671939954696844557e-04 1.092173213363200555e-06
2.719000000000000000e+03 5.664248940168013953e-04 1.074938438799097832e-06
2.821000000000000000e+03 5.664728457174089118e-04 1.055816373228512455e-06
2.923000000000000000e+03 5.641689017075650434e-04 1.033074334891287848e-06
3.025000000000000000e+03 5.670622653188491522e-04 1.020649805192604868e-06
3.128000000000000000e+03 5.628687576873391994e-04 9.912727625900908185e-07
3.230000000000000000e+03 5.659768331004402407e-04 9.860078918353365858e-07
3.332000000000000000e+03 5.674306943700893743e-04 9.729840684981837591e-07
3.434000000000000000e+03 5.665495820048454265e-04 9.570754705269339784e-07
3.536000000000000000e+03 5.674069308071459953e-04 9.399342061288010845e-07
3.639000000000000000e+03 5.659881770663473862e-04 9.287685989715849278e-07
3.741000000000000000e+03 5.680059934602148166e-04 9.193321677289576528e-07
3.843000000000000000e+03 5.644665288359676514e-04 9.015065090128657616e-07
3.945000000000000000e+03 5.662042810987306116e-04 8.923116225003781840e-07
4.048000000000000000e+03 5.661052778710672084e-04 8.767999292494744668e-07
4.150000000000000000e+03 5.661627506294812521e-04 8.700065355124697797e-07
4.252000000000000000e+03 5.646222985863733751e-04 8.571059044979261422e-07
4.354000000000000000e+03 5.642254513091981422e-04 8.465113338703951673e-07
4.456000000000000000e+03 5.620203853948102382e-04 8.295095440382115170e-07
4.559000000000000000e+03 5.596532054452529490e-04 8.204828653099380531e-07
4.661000000000000000e+03 5.575561216456353638e-04 8.086409830552431571e-07
4.763000000000000000e+03 5.556153414172436238e-04 7.969762427051738347e-07
4.865000000000000000e+03 5.522762311351946249e-04 7.838159414426548986e-07
4.968000000000000000e+03 5.483819945317516776e-04 7.666464386625285204e-07
5.070000000000000000e+03 5.475948370963976131e-04 7.612393824838083193e-07
5.172000000000000000e+03 5.437269478867353756e-04 7.485957321226697425e-07
5.274000000000000000e+03 5.421204208372733344e-04 7.391581082969327218e-07
5.376000000000000000e+03 5.395285781890093134e-04 7.282802344041311277e-07
5.478000000000000000e+03 5.366134366720801347e-04 7.144044449988690212e-07
5.581000000000000000e+03 5.354913963511370506e-04 7.096131160151871818e-07
5.683000000000000000e+03 5.333991555588285614e-04 7.004924969217989534e-07
5.785000000000000000e+03 5.308456976050820487e-04 6.909326950500981234e-07
5.888000000000000000e+03 5.284057240095075322e-04 6.785401199228506494e-07
5.990000000000000000e+03 5.273685636894290740e-04 6.746140419533427536e-07
6.092000000000000000e+03 5.281289261529778728e-04 6.697409138750180592e-07
