6.100000000000000000e+01 5.946806774462648753e-04 7.417740314980928166e-06
1.630000000000000000e+02 5.668823842029992741e-04 4.380050568698684489e-06
2.660000000000000000e+02 5.679786039977169831e-04 3.422897854486740206e-06
3.680000000000000000e+02 5.708505650469475161e-04 2.940942604761582615e-06
4.700000000000000000e+02 5.638423640821710412e-04 2.572544221626954879e-06
5.720000000000000000e+02 5.655138678048665050e-04 2.339308549012829351e-06
6.740000000000000000e+02 5.612373324008598958e-04 2.128006858788452882e-06
7.770000000000000000e+02 5.698967998750952696e-04 2.021318828909737666e-06
8.790000000000000000e+02 5.670240496109966912e-04 1.891198925480598459e-06
9.810000000000000000e+02 5.675947280161250733e-04 1.793362872681940351e-06
1.083000000000000000e+03 5.667167961380774333e-04 1.704103505478614725e-06
1.186000000000000000e+03 5.648768745310299129e-04 1.615281175589754124e-06
1.288000000000000000e+03 5.658512346228464608e-04 1.560705223959206301e-06
1.390000000000000000e+03 5.644964395412127231e-04 1.498635156344783473e-06
1.492000000000000000e+03 5.649937844265806195e-04 1.447075564656872105e-06
1.594000000000000000e+03 5.654936749758242851e-04 1.401890728465976444e-06
1.696000000000000000e+03 5.645293128443950583e-04 1.350133589360332451e-06
1.799000000000000000e+03 5.651427146499678157e-04 1.318666647224288397e-06
1.901000000000000000e+03 5.637538632210933008e-04 1.279737074352164983e-06
2.003000000000000000e+03 5.651879932233759216e-04 1.250203458408824643e-06
2.106000000000000000e+03 5.643765839528512487e-04 1.210944674698476051e-06
2.208000000000000000e+03 5.662156348401331659e-04 1.192845050793679170e-06
2.310000000000000000e+03 5.624926348411728432e-04 1.158012865847777219e-06
2.412000000000000000e+03 5.656244341852436708e-04 1.140102828735222044e-06
2.514000000000000000e+03 5.655969474677715811e-04 1.116497242999934226e-06
2.616000000000000000e+03 5.669054405753298342e-04 1.092036948016466608e-06
2.719000000000000000e+03 5.663546423163018503e-04 1.075010984347753517e-06
2.821000000000000000e+03 5.657186044618516593e-04 1.054498014816879019e-06
2.923000000000000000e+03 5.633673968121797422e-04 1.031490846917195895e-06
3.025000000000000000e+03 5.647379717581045913e-04 1.016471007268840312e-06
3.128000000000000000e+03 5.644652314619665609e-04 9.943610637093187932e-07
3.230000000000000000e+03 5.644034432887908709e-04 9.829024040616449193e-07
3.332000000000000000e+03 5.645421132778196500e-04 9.680254902255996204e-07
3.434000000000000000e+03 5.631652785265079753e-04 9.514815275859646091e-07
3.536000000000000000e+03 5.658859749059102530e-04 9.373187573325240345e-07
3.639000000000000000e+03 5.639399839289442433e-04 9.256304434797553087e-07
3.741000000000000000e+03 5.643211038329569960e-04 9.135031197719992805e-07
3.843000000000000000e+03 5.662898039329064504e-04 9.041118450878030481e-07
3.945000000000000000e+03 5.651794703580601898e-04 8.909096535176559141e-07
4.048000000000000000e+03 5.643700572758736248e-04 8.738679684621330928e-07
4.150000000000000000e+03 5.647606637650161299e-04 8.679345305668767852e-07
4.252000000000000000e+03 5.628295132547176316e-04 8.544998043277661344e-07
4.354000000000000000e+03 5.610219029488758063e-04 8.416257909984565783e-07
4.456000000000000000e+03 5.587792202160963596e-04 8.245711120314218932e-07
4.559000000000000000e+03 5.579195767586667956e-04 8.181434557342869646e-07
4.661000000000000000e+03 5.556623501501365943e-04 8.058280340650770372e-07
4.763000000000000000e+03 5.546497003005081703e-04 7.955313100115053722e-07
4.865000000000000000e+03 5.506308474863344515e-04 7.815804711534841196e-07
4.968000000000000000e+03 5.486432281654157316e-04 7.670416214950901443e-07
5.070000000000000000e+03 5.454466822151801762e-04 7.583560415750617930e-07
5.172000000000000000e+03 5.428169173388484392e-04 7.472454749864740695e-07
5.274000000000000000e+03 5.399484533145148873e-04 7.360699275119959465e-07
5.376000000000000000e+03 5.382610391438608435e-04 7.268251616219944780e-07
5.478000000000000000e+03 5.350504125914782574e-04 7.120678032709240382e-07
5.581000000000000000e+03 5.339823209044353060e-04 7.077251678935046056e-07
5.683000000000000000e+03 5.323790096102199885e-04 6.991326874960674864e-07
5.785000000000000000e+03 5.297523745513456469e-04 6.895729593258048574e-07
5.888000000000000000e+03 5.262774220850687358e-04 6.757285717638636632e-07
5.990000000000000000e+03 5.256454556079768418e-04 6.724484906576492359e-07
6.092000000000000000e+03 5.260786926087503276e-04 6.670987802276058588e-07
