6.100000000000000000e+01 5.899117849386352865e-04 7.401002489189786183e-06
1.630000000000000000e+02 5.766611961142717544e-04 4.442582152670446998e-06
2.660000000000000000e+02 5.706039822752944539e-04 3.441024439053330458e-06
3.680000000000000000e+02 5.706014226003963078e-04 2.939423657192292490e-06
4.700000000000000000e+02 5.676302427116336263e-04 2.587930037604704698e-06
5.720000000000000000e+02 5.654680606254583897e-04 2.340243141692248432e-06
6.740000000000000000e+02 5.671366624146642306e-04 2.146584523177726350e-06
7.770000000000000000e+02 5.661174807887189376e-04 2.009024483990384945e-06
8.790000000000000000e+02 5.638101462540926964e-04 1.881176878245883148e-06
9.810000000000000000e+02 5.663724039000095660e-04 1.789014215878635476e-06
1.083000000000000000e+03 5.667934699003755608e-04 1.703834934602827402e-06
1.186000000000000000e+03 5.666378458340705793e-04 1.620612444343507676e-06
1.288000000000000000e+03 5.656696873562980536e-04 1.560130684420839877e-06
1.390000000000000000e+03 5.665117225607292509e-04 1.503114267905587949e-06
1.492000000000000000e+03 5.663836628808264573e-04 1.451793114899960250e-06
1.594000000000000000e+03 5.641082149631827932e-04 1.398430740802674196e-06
1.696000000000000000e+03 5.666531878995052784e-04 1.354878776777422536e-06
1.799000000000000000e+03 5.680990905333762296e-04 1.325643616695203660e-06
1.901000000000000000e+03 5.661797854196060770e-04 1.285638121314631371e-06
2.003000000000000000e+03 5.684091637333959536e-04 1.256980026601669272e-06
2.106000000000000000e+03 5.660979491655469386e-04 1.215074176465793736e-06
2.208000000000000000e+03 5.682657113616515314e-04 1.197071004985048073e-06
2.310000000000000000e+03 5.678652129859335486e-04 1.169257022140037760e-06
2.412000000000000000e+03 5.663399038166094584e-04 1.141280930220270546e-06
2.514000000000000000e+03 5.675571340422026854e-04 1.120385612919603772e-06
2.616000000000000000e+03 5.675438827861624186e-04 1.093220141177374496e-06
2.719000000000000000e+03 5.667182577322427920e-04 1.075575754815175036e-06
2.821000000000000000e+03 5.661352951907105795e-04 1.055215462641128818e-06
2.923000000000000000e+03 5.659179743024525013e-04 1.036260783884584112e-06
3.025000000000000000e+03 5.651843570764925485e-04 1.016996906522162527e-06
3.128000000000000000e+03 5.665568814452029206e-04 9.981534460096241284e-07
3.230000000000000000e+03 5.680748058055418766e-04 9.892836440881337371e-07
3.332000000000000000e+03 5.680645594309551884e-04 9.743042161247653887e-07
3.434000000000000000e+03 5.667093171015081220e-04 9.574138047180398116e-07
3.536000000000000000e+03 5.666258077769096690e-04 9.384114500228829284e-07
3.639000000000000000e+03 5.660109825530207535e-04 9.287006788568944446e-07
3.741000000000000000e+03 5.680134506904479857e-04 9.196721876009442217e-07
3.843000000000000000e+03 5.675730286995228288e-04 9.064742577092155256e-07
3.945000000000000000e+03 5.678417163962615677e-04 8.947688966649505394e-07
4.048000000000000000e+03 5.639285504965396278e-04 8.734272275094811653e-07
4.150000000000000000e+03 5.663863414919095059e-04 8.702309647136659494e-07
4.252000000000000000e+03 5.662770808968838228e-04 8.597058560432824995e-07
4.354000000000000000e+03 5.637352199213568373e-04 8.460928925856783738e-07
4.456000000000000000e+03 5.631472190974776354e-04 8.307510744530213071e-07
4.559000000000000000e+03 5.593387851416361037e-04 8.203202610153109907e-07
4.661000000000000000e+03 5.574460601564869581e-04 8.083217674999916162e-07
4.763000000000000000e+03 5.543209892399311462e-04 7.951380534064080920e-07
4.865000000000000000e+03 5.522565479854171268e-04 7.838113000917330656e-07
4.968000000000000000e+03 5.500367046097780254e-04 7.686975268796181658e-07
5.070000000000000000e+03 5.494315138360820463e-04 7.639903180568332004e-07
5.172000000000000000e+03 5.444992129184148249e-04 7.497051898278668940e-07
5.274000000000000000e+03 5.421486829379734262e-04 7.389611562847245720e-07
5.376000000000000000e+03 5.401344499267447894e-04 7.293453026175439360e-07
5.478000000000000000e+03 5.372232864245547312e-04 7.151911194704287811e-07
5.581000000000000000e+03 5.343906071179841798e-04 7.078950254104603988e-07
5.683000000000000000e+03 5.327350320025886227e-04 6.998430296731347287e-07
5.785000000000000000e+03 5.309746456579749222e-04 6.910725163746851051e-07
5.888000000000000000e+03 5.287335909195269414e-04 6.789305653727200039e-07
5.990000000000000000e+03 5.278724895203978267e-04 6.751309277870181868e-07
6.092000000000000000e+03 5.279773236689985078e-04 6.695947189978280168e-07
