6.100000000000000000e+01 5.858959518137135799e-04 7.291988816525068845e-06
1.630000000000000000e+02 5.702847692493412043e-04 4.406759385916994740e-06
2.660000000000000000e+02 5.761179451126513485e-04 3.474685721147162799e-06
3.680000000000000000e+02 5.650874863829565128e-04 2.908430162638248124e-06
4.700000000000000000e+02 5.677385417033338055e-04 2.589981379682560412e-06
5.720000000000000000e+02 5.644606697366274031e-04 2.333927206442163498e-06
6.740000000000000000e+02 5.619278694524122361e-04 2.129394721973129588e-06
7.770000000000000000e+02 5.591091284276429943e-04 1.983487148575709354e-06
8.790000000000000000e+02 5.637276632655174652e-04 1.880846479406169235e-06
9.810000000000000000e+02 5.650361910401508099e-04 1.783845043424655727e-06
1.083000000000000000e+03 5.617701105031776363e-04 1.689388330123666697e-06
1.186000000000000000e+03 5.620708785199923395e-04 1.607170076690167867e-06
1.288000000000000000e+03 5.647765989943822132e-04 1.557632673307960176e-06
1.390000000000000000e+03 5.648673620505245815e-04 1.499302039382254187e-06
1.492000000000000000e+03 5.637400291554199062e-04 1.444155588441039381e-06
1.594000000000000000e+03 5.646093849752074076e-04 1.399359642381103870e-06
1.696000000000000000e+03 5.645814718838909922e-04 1.350620384377153566e-06
1.799000000000000000e+03 5.633292987824258836e-04 1.313772635670221775e-06
1.901000000000000000e+03 5.627013121979935638e-04 1.277726991540695896e-06
2.003000000000000000e+03 5.660473597163662553e-04 1.251855669169444759e-06
2.106000000000000000e+03 5.641075123897931363e-04 1.211030819343854102e-06
2.208000000000000000e+03 5.630435755473887699e-04 1.185879202722212153e-06
2.310000000000000000e+03 5.667127136222980047e-04 1.167333047025789771e-06
2.412000000000000000e+03 5.643219522020505047e-04 1.137192811833028912e-06
2.514000000000000000e+03 5.634356717313642599e-04 1.112257685631311921e-06
2.616000000000000000e+03 5.658376343764009346e-04 1.089895485592235238e-06
2.719000000000000000e+03 5.659600040953954728e-04 1.074404808112403505e-06
2.821000000000000000e+03 5.640515452502983459e-04 1.051192965457608902e-06
2.923000000000000000e+03 5.642417828053793768e-04 1.033063008731420540e-06
3.025000000000000000e+03 5.655319329181138308e-04 1.018011426319085973e-06
3.128000000000000000e+03 5.636165495244145444e-04 9.926860869006475588e-07
3.230000000000000000e+03 5.659039901063322954e-04 9.853825982764814016e-07
3.332000000000000000e+03 5.642746087862833462e-04 9.676604357716205588e-07
3.434000000000000000e+03 5.652412626096671574e-04 9.549620568022413848e-07
3.536000000000000000e+03 5.648994841334782071e-04 9.359279320771888482e-07
3.639000000000000000e+03 5.651507274994511379e-04 9.275077270496514685e-07
3.741000000000000000e+03 5.642528420678708401e-04 9.132387830909047104e-07
3.843000000000000000e+03 5.630599831130088384e-04 8.991506019028482471e-07
3.945000000000000000e+03 5.637284705229071973e-04 8.884110217232225619e-07
4.048000000000000000e+03 5.652645781459787917e-04 8.754187686734632083e-07
4.150000000000000000e+03 5.641046744599816304e-04 8.668986441611610065e-07
4.252000000000000000e+03 5.619939158662461218e-04 8.530106089822732667e-07
4.354000000000000000e+03 5.604190357338314100e-04 8.409721358713944699e-07
4.456000000000000000e+03 5.588569096875774809e-04 8.248361793919887187e-07
4.559000000000000000e+03 5.575742934234955957e-04 8.174096341985374366e-07
4.661000000000000000e+03 5.561215941265500650e-04 8.064392450991925091e-07
4.763000000000000000e+03 5.524678884251349540e-04 7.925637758539218994e-07
4.865000000000000000e+03 5.502006338961030725e-04 7.810016028243673050e-07
4.968000000000000000e+03 5.472359760478528665e-04 7.649799663737383002e-07
5.070000000000000000e+03 5.467374341436503308e-04 7.599916385445649767e-07
5.172000000000000000e+03 5.426409649372191529e-04 7.471135350432724612e-07
5.274000000000000000e+03 5.407344805807086548e-04 7.371820193996343855e-07
5.376000000000000000e+03 5.383635231270905101e-04 7.269073301769994901e-07
5.478000000000000000e+03 5.360063452864116630e-04 7.134158967103047637e-07
5.581000000000000000e+03 5.336260368400618610e-04 7.072081771247951598e-07
5.683000000000000000e+03 5.313522691991701347e-04 6.978765214899713756e-07
5.785000000000000000e+03 5.282459667202076773e-04 6.876269351868626377e-07
5.888000000000000000e+03 5.282201642929659855e-04 6.782542399193589200e-07
5.990000000000000000e+03 5.253271975857472633e-04 6.719612067653852945e-07
6.092000000000000000e+03 5.270522856252375134e-04 6.682991304694358662e-07
