6.100000000000000000e+01 5.858128432991018897e-04 7.353106136415828991e-06
1.630000000000000000e+02 5.791937286678816577e-04 4.476917150412032428e-06
2.660000000000000000e+02 5.708280080744850948e-04 3.440968305121362748e-06
3.680000000000000000e+02 5.694972899796688299e-04 2.935129034466037675e-06
4.700000000000000000e+02 5.664907041949100719e-04 2.582405651769236254e-06
5.720000000000000000e+02 5.656392037443926102e-04 2.339636313452949092e-06
6.740000000000000000e+02 5.647621129220406532e-04 2.138898737469675051e-06
7.770000000000000000e+02 5.618716162218383419e-04 1.995172208855198722e-06
8.790000000000000000e+02 5.686345004156435380e-04 1.896201260732538515e-06
9.810000000000000000e+02 5.727340201838362465e-04 1.809439142328723421e-06
1.083000000000000000e+03 5.640878730164827900e-04 1.696663808762225464e-06
1.186000000000000000e+03 5.678431083454018279e-04 1.624218941309276761e-06
1.288000000000000000e+03 5.697482380897126797e-04 1.570439268757338687e-06
1.390000000000000000e+03 5.674590298316264025e-04 1.506880686461729470e-06
1.492000000000000000e+03 5.664642691860027283e-04 1.451027072425062001e-06
1.594000000000000000e+03 5.657389861101175905e-04 1.402395087716187510e-06
1.696000000000000000e+03 5.679149661007306489e-04 1.357823667350542606e-06
1.799000000000000000e+03 5.664336510023377331e-04 1.322018948475170367e-06
1.901000000000000000e+03 5.652770152201828501e-04 1.283343978365112632e-06
2.003000000000000000e+03 5.687737197160960302e-04 1.257753583039713904e-06
2.106000000000000000e+03 5.677496632709729636e-04 1.218664676818197673e-06
2.208000000000000000e+03 5.648326172287045912e-04 1.189507569658832005e-06
2.310000000000000000e+03 5.656640092484687549e-04 1.165251010825358902e-06
2.412000000000000000e+03 5.658165596782926618e-04 1.140179408953589010e-06
2.514000000000000000e+03 5.668514396868153289e-04 1.119289113784095882e-06
2.616000000000000000e+03 5.660487238085043287e-04 1.090177836578753496e-06
2.719000000000000000e+03 5.690821024848641795e-04 1.080396783148636643e-06
2.821000000000000000e+03 5.663263964665041835e-04 1.055473530079716396e-06
2.923000000000000000e+03 5.667042291296679442e-04 1.037417801557952565e-06
3.025000000000000000e+03 5.667625316295944651e-04 1.020178155633757725e-06
3.128000000000000000e+03 5.682366062790396256e-04 1.000869617187071702e-06
3.230000000000000000e+03 5.648338214662974822e-04 9.836876953631195759e-07
3.332000000000000000e+03 5.670569519014919020e-04 9.727414838345316344e-07
3.434000000000000000e+03 5.657184409541044954e-04 9.558409031356703869e-07
3.536000000000000000e+03 5.673217039105800776e-04 9.397031702939858016e-07
3.639000000000000000e+03 5.664730942010829783e-04 9.296153614567098840e-07
3.741000000000000000e+03 5.666752852494345242e-04 9.171483197612436708e-07
3.843000000000000000e+03 5.656970496503517434e-04 9.032741564029145702e-07
3.945000000000000000e+03 5.662695570213900544e-04 8.924922497637994388e-07
4.048000000000000000e+03 5.677242364017104099e-04 8.793071974186222645e-07
4.150000000000000000e+03 5.648766758573698157e-04 8.680538540258015749e-07
4.252000000000000000e+03 5.647019364544284600e-04 8.574000611105864487e-07
4.354000000000000000e+03 5.643824005591814097e-04 8.465977800206117702e-07
4.456000000000000000e+03 5.624695187559221278e-04 8.300746136687514896e-07
4.559000000000000000e+03 5.601060865454582935e-04 8.210049199432336647e-07
4.661000000000000000e+03 5.569312011834822926e-04 8.077482012950825113e-07
4.763000000000000000e+03 5.565281281016655956e-04 7.982502410173336476e-07
4.865000000000000000e+03 5.526335599643391857e-04 7.846223576642218176e-07
4.968000000000000000e+03 5.496095638866448996e-04 7.680800930350243883e-07
5.070000000000000000e+03 5.469275361437537456e-04 7.605806925403366314e-07
5.172000000000000000e+03 5.443705377154241286e-04 7.492741388716079811e-07
5.274000000000000000e+03 5.428670674204803771e-04 7.401895793586779221e-07
5.376000000000000000e+03 5.409294092550790420e-04 7.303852857820280523e-07
5.478000000000000000e+03 5.374846521810841679e-04 7.153500120030719772e-07
5.581000000000000000e+03 5.367139536207252148e-04 7.112092239639551131e-07
5.683000000000000000e+03 5.334227927399252207e-04 7.006545779813470648e-07
5.785000000000000000e+03 5.315584027793643406e-04 6.919960004032158448e-07
5.888000000000000000e+03 5.291302449056084316e-04 6.793251566427860795e-07
5.990000000000000000e+03 5.276078646374833883e-04 6.749261992472468513e-07
6.092000000000000000e+03 5.284698951289679624e-04 6.700753227304455323e-07
