6.100000000000000000e+01 5.702523261166052250e-04 7.141677640792945604e-06
1.630000000000000000e+02 5.684892562649091798e-04 4.391570841209062994e-06
2.660000000000000000e+02 5.648652935202019658e-04 3.404036148218933648e-06
3.680000000000000000e+02 5.708012505836311144e-04 2.935676244383639771e-06
4.700000000000000000e+02 5.701883719083818136e-04 2.602932074291682341e-06
5.720000000000000000e+02 5.696003950038000356e-04 2.353420242414671058e-06
6.740000000000000000e+02 5.710053579365998193e-04 2.164666121696923493e-06
7.770000000000000000e+02 5.668423338208721136e-04 2.010236389382559900e-06
8.790000000000000000e+02 5.640256990172380896e-04 1.882876952655980263e-06
9.810000000000000000e+02 5.660717867594351835e-04 1.788117217674718881e-06
1.083000000000000000e+03 5.662215839650132799e-04 1.702284058416344828e-06
1.186000000000000000e+03 5.658669010755453888e-04 1.618249129189195865e-06
1.288000000000000000e+03 5.660665687338585625e-04 1.560591857436825836e-06
1.390000000000000000e+03 5.645564528741977986e-04 1.499238853444206516e-06
1.492000000000000000e+03 5.676815233608754722e-04 1.454242066018573640e-06
1.594000000000000000e+03 5.675888031673422592e-04 1.406916731207698886e-06
1.696000000000000000e+03 5.627073022334378935e-04 1.345926101836126366e-06
1.799000000000000000e+03 5.667844087964624741e-04 1.322584397334357459e-06
1.901000000000000000e+03 5.651018041388668591e-04 1.282777959263281144e-06
2.003000000000000000e+03 5.683142554843629343e-04 1.256756486753453062e-06
2.106000000000000000e+03 5.666411253790665020e-04 1.216469730593062837e-06
2.208000000000000000e+03 5.667660738920517801e-04 1.194198279724996613e-06
2.310000000000000000e+03 5.691938013117007599e-04 1.171796307539260556e-06
2.412000000000000000e+03 5.652038279203584802e-04 1.138999070117333793e-06
2.514000000000000000e+03 5.675064597661028587e-04 1.120324976599018591e-06
2.616000000000000000e+03 5.660015427612645391e-04 1.090272785568753427e-06
2.719000000000000000e+03 5.669101034049592964e-04 1.076328397492771752e-06
2.821000000000000000e+03 5.665582909884121776e-04 1.055725551096728144e-06
2.923000000000000000e+03 5.687889104763576946e-04 1.041399389344717106e-06
3.025000000000000000e+03 5.666522799068898298e-04 1.019853917483819275e-06
3.128000000000000000e+03 5.664068280189098236e-04 9.978427301529625006e-07
3.230000000000000000e+03 5.670656480756550502e-04 9.874270301071361893e-07
3.332000000000000000e+03 5.671767307785789995e-04 9.727773467070575901e-07
3.434000000000000000e+03 5.673835828447242784e-04 9.583471073828947749e-07
3.536000000000000000e+03 5.655819236361728664e-04 9.371486214936801016e-07
3.639000000000000000e+03 5.666675352038120150e-04 9.299726617347404394e-07
3.741000000000000000e+03 5.657134818333343224e-04 9.155939951659937824e-07
3.843000000000000000e+03 5.664532010835839938e-04 9.046473142621072400e-07
3.945000000000000000e+03 5.683193822405140528e-04 8.956370354320369198e-07
4.048000000000000000e+03 5.663975683467543758e-04 8.771855793127952240e-07
4.150000000000000000e+03 5.652932545367014188e-04 8.685424007940976145e-07
4.252000000000000000e+03 5.664030786809351849e-04 8.599075234743585574e-07
4.354000000000000000e+03 5.637260621285511810e-04 8.457642142276595972e-07
4.456000000000000000e+03 5.622045098951749783e-04 8.298532165389616668e-07
4.559000000000000000e+03 5.591036768422487282e-04 8.196123134633385013e-07
4.661000000000000000e+03 5.582926316912283516e-04 8.096331869366272692e-07
4.763000000000000000e+03 5.558100249774528380e-04 7.972475408804606182e-07
4.865000000000000000e+03 5.525361467385506284e-04 7.844931762147189203e-07
4.968000000000000000e+03 5.501022951654640234e-04 7.688866292500092378e-07
5.070000000000000000e+03 5.485998151791922524e-04 7.626736292371690878e-07
5.172000000000000000e+03 5.444545089481125921e-04 7.496270766931167416e-07
5.274000000000000000e+03 5.420309598315230584e-04 7.388788888227297711e-07
5.376000000000000000e+03 5.395405130381346814e-04 7.286069080044636167e-07
5.478000000000000000e+03 5.382941125343412543e-04 7.164777844474980170e-07
5.581000000000000000e+03 5.363116439620858400e-04 7.107189495984758404e-07
5.683000000000000000e+03 5.340037661476421983e-04 7.012743045855479747e-07
5.785000000000000000e+03 5.310513838092322750e-04 6.913511507581152362e-07
5.888000000000000000e+03 5.296037582243597270e-04 6.800354734155405826e-07
5.990000000000000000e+03 5.270206432255709027e-04 6.742501493405179951e-07
6.092000000000000000e+03 5.281734426264230895e-04 6.696808518170721364e-07
