6.100000000000000000e+01 1.485298233031407472e-05 1.866417116193342338e-07
1.630000000000000000e+02 1.125235147215511310e-05 8.716268308660276535e-08
2.660000000000000000e+02 9.677546134719893246e-06 5.843243120967237034e-08
3.680000000000000000e+02 8.486384472687227658e-06 4.377075963476100607e-08
4.700000000000000000e+02 7.996130755490406930e-06 3.644058295400994043e-08
5.720000000000000000e+02 7.572522683097210729e-06 3.133759859124077955e-08
6.740000000000000000e+02 7.330444720227867701e-06 2.776642090546775528e-08
7.770000000000000000e+02 7.151946146440133120e-06 2.538274528242465820e-08
8.790000000000000000e+02 7.015992527110939222e-06 2.342598812369188407e-08
9.810000000000000000e+02 6.893631698789685376e-06 2.177104209358785675e-08
1.083000000000000000e+03 6.806036068793212163e-06 2.045989489931469127e-08
1.186000000000000000e+03 6.731953217848836389e-06 1.925881871578455232e-08
1.288000000000000000e+03 6.683965565905440318e-06 1.843668489879837662e-08
1.390000000000000000e+03 6.673347933491054054e-06 1.771125406149681260e-08
1.492000000000000000e+03 6.640188343521368401e-06 1.701241219226883195e-08
1.594000000000000000e+03 6.599579429694286767e-06 1.635436420834584775e-08
1.696000000000000000e+03 6.582603043491504853e-06 1.574189210882824387e-08
1.799000000000000000e+03 6.566658060389562380e-06 1.532594911556517310e-08
1.901000000000000000e+03 6.534609368424421288e-06 1.483087778448841932e-08
2.003000000000000000e+03 6.501904705319598212e-06 1.437606035743356548e-08
2.106000000000000000e+03 6.486024495353378599e-06 1.392353654465108436e-08
2.208000000000000000e+03 6.480209540119690522e-06 1.365161077817071565e-08
2.310000000000000000e+03 6.447996576823400941e-06 1.327684770850358855e-08
2.412000000000000000e+03 6.453397882684211678e-06 1.300714204755607343e-08
2.514000000000000000e+03 6.448248031597027577e-06 1.273329063233254851e-08
2.616000000000000000e+03 6.447870746741106500e-06 1.241256549002942348e-08
2.719000000000000000e+03 6.449359933601496582e-06 1.224483112851915321e-08
2.821000000000000000e+03 6.405998929459564484e-06 1.193634229660871010e-08
2.923000000000000000e+03 6.419786387741501739e-06 1.175484865377667567e-08
3.025000000000000000e+03 6.414859288948620892e-06 1.154457657712954051e-08
3.128000000000000000e+03 6.404197736544780112e-06 1.128161654460455471e-08
3.230000000000000000e+03 6.390097465284127502e-06 1.112929028902674920e-08
3.332000000000000000e+03 6.385575866582049510e-06 1.095334552892952010e-08
3.434000000000000000e+03 6.390498428511301133e-06 1.079558421616864896e-08
3.536000000000000000e+03 6.375317971133841205e-06 1.056062329888403253e-08
3.639000000000000000e+03 6.373102295087239714e-06 1.045654873478866786e-08
3.741000000000000000e+03 6.375058344179977395e-06 1.031621312581267523e-08
3.843000000000000000e+03 6.364057460165705939e-06 1.016262929417383015e-08
3.945000000000000000e+03 6.369118388173634906e-06 1.004202411690594806e-08
4.048000000000000000e+03 6.375360558940704044e-06 9.870404518876115935e-09
4.150000000000000000e+03 6.340755341874530200e-06 9.744817962333755549e-09
4.252000000000000000e+03 6.326087529395341888e-06 9.605423865714569751e-09
4.354000000000000000e+03 6.299625963053478329e-06 9.451814416474012874e-09
4.456000000000000000e+03 6.289164560862039030e-06 9.281672831639914779e-09
4.559000000000000000e+03 6.275234416547633040e-06 9.200513563327367352e-09
4.661000000000000000e+03 6.237829118821706427e-06 9.045284994494941752e-09
4.763000000000000000e+03 6.213563000506474600e-06 8.915301175852486112e-09
4.865000000000000000e+03 6.171224347775654122e-06 8.757485856084507776e-09
4.968000000000000000e+03 6.159910455265923886e-06 8.610983246122738714e-09
5.070000000000000000e+03 6.102718223218164944e-06 8.486173041040024696e-09
5.172000000000000000e+03 6.090565385732934940e-06 8.381880245375472341e-09
5.274000000000000000e+03 6.067572496942387162e-06 8.272925970025424975e-09
5.376000000000000000e+03 6.035326726148114948e-06 8.150450934625065749e-09
5.478000000000000000e+03 6.000989646837252831e-06 7.988357696013753762e-09
5.581000000000000000e+03 5.980185586513837243e-06 7.923015975180185336e-09
5.683000000000000000e+03 5.959515215324133354e-06 7.828056147290486738e-09
5.785000000000000000e+03 5.940116991193877801e-06 7.731187733615146211e-09
5.888000000000000000e+03 5.915591247691014419e-06 7.596919117824892672e-09
5.990000000000000000e+03 5.883230213888469871e-06 7.525350779369227667e-09
6.092000000000000000e+03 5.897784336390530920e-06 7.478314414699300738e-09
