6.100000000000000000e+01 1.472163406572682205e-05 1.846631248815313456e-07
1.630000000000000000e+02 1.128439630830262249e-05 8.725047429813700504e-08
2.660000000000000000e+02 9.655494870119864852e-06 5.831709259979242242e-08
3.680000000000000000e+02 8.457342840973349149e-06 4.358352994203834682e-08
4.700000000000000000e+02 7.960049757760959143e-06 3.628223950783321725e-08
5.720000000000000000e+02 7.535119501168366837e-06 3.119399218018136341e-08
6.740000000000000000e+02 7.325480342356500548e-06 2.775978402240002689e-08
7.770000000000000000e+02 7.175787210845858066e-06 2.547133056982528811e-08
8.790000000000000000e+02 7.005706672113412803e-06 2.338365823342783404e-08
9.810000000000000000e+02 6.895808009873469530e-06 2.178753399030148265e-08
1.083000000000000000e+03 6.815598786709924632e-06 2.049109027295132498e-08
1.186000000000000000e+03 6.741284029935863544e-06 1.927621468623367045e-08
1.288000000000000000e+03 6.728076895625268444e-06 1.856203902553439739e-08
1.390000000000000000e+03 6.682878418790224416e-06 1.774106180520662519e-08
1.492000000000000000e+03 6.672984174280615109e-06 1.709515762816134989e-08
1.594000000000000000e+03 6.619464143295718634e-06 1.641374947604317706e-08
1.696000000000000000e+03 6.619098648440071776e-06 1.582245844525898692e-08
1.799000000000000000e+03 6.586136778622650252e-06 1.536707219548038878e-08
1.901000000000000000e+03 6.544993738260616750e-06 1.486069431563451431e-08
2.003000000000000000e+03 6.567316675220368567e-06 1.452155948809849174e-08
2.106000000000000000e+03 6.533200996020461976e-06 1.402546818751102715e-08
2.208000000000000000e+03 6.494181394671527366e-06 1.367731918511323365e-08
2.310000000000000000e+03 6.475468180338792285e-06 1.333803011937205847e-08
2.412000000000000000e+03 6.485256317996188057e-06 1.306687850507106197e-08
2.514000000000000000e+03 6.469162945282206373e-06 1.277397586677625234e-08
2.616000000000000000e+03 6.469675386937509982e-06 1.245805078134692277e-08
2.719000000000000000e+03 6.445283643430056416e-06 1.223843801670246811e-08
2.821000000000000000e+03 6.442104674162462960e-06 1.200563472777259184e-08
2.923000000000000000e+03 6.425122401123239858e-06 1.176639169352782628e-08
3.025000000000000000e+03 6.429044612132615955e-06 1.156886923997570727e-08
3.128000000000000000e+03 6.430568595944292237e-06 1.132864594806984736e-08
3.230000000000000000e+03 6.425575014060957720e-06 1.119066649102002171e-08
3.332000000000000000e+03 6.399273044183369000e-06 1.097399514636632839e-08
3.434000000000000000e+03 6.413139314026147641e-06 1.083476915805881947e-08
3.536000000000000000e+03 6.394672325224610515e-06 1.059399774707326348e-08
3.639000000000000000e+03 6.418763510907198802e-06 1.053227896777104574e-08
3.741000000000000000e+03 6.402161113123949881e-06 1.036035939486857535e-08
3.843000000000000000e+03 6.377825230233283452e-06 1.018624728362184912e-08
3.945000000000000000e+03 6.378212555036831633e-06 1.005351225349949124e-08
4.048000000000000000e+03 6.397542529955589279e-06 9.905819245069719611e-09
4.150000000000000000e+03 6.365435620491286000e-06 9.781816981820680183e-09
4.252000000000000000e+03 6.353602258276347856e-06 9.646708316790873029e-09
4.354000000000000000e+03 6.339948660498771936e-06 9.509399986452322874e-09
4.456000000000000000e+03 6.326557360940508148e-06 9.339257138608948919e-09
4.559000000000000000e+03 6.315802428125424902e-06 9.259725639444739555e-09
4.661000000000000000e+03 6.249129979846696283e-06 9.062249865608615018e-09
4.763000000000000000e+03 6.235769356715386120e-06 8.943909126571833532e-09
4.865000000000000000e+03 6.222198309520851588e-06 8.834509128456245623e-09
4.968000000000000000e+03 6.188347288925280281e-06 8.649675060796716557e-09
5.070000000000000000e+03 6.150290856940142282e-06 8.549893602124548513e-09
5.172000000000000000e+03 6.131983138705342482e-06 8.442030940330266443e-09
5.274000000000000000e+03 6.085044200076815308e-06 8.295449464451694982e-09
5.376000000000000000e+03 6.086038613820948607e-06 8.217311388417674851e-09
5.478000000000000000e+03 6.037741585937998560e-06 8.036705160589240869e-09
5.581000000000000000e+03 6.011449586164507179e-06 7.966614618432764427e-09
5.683000000000000000e+03 5.984715954442618461e-06 7.860357777939060450e-09
5.785000000000000000e+03 5.957560857495954867e-06 7.755498278115051569e-09
5.888000000000000000e+03 5.954518506897234386e-06 7.644631730360026589e-09
5.990000000000000000e+03 5.914432682058575124e-06 7.565137250332010599e-09
6.092000000000000000e+03 5.921621286764438455e-06 7.509637314126758521e-09
