6.100000000000000000e+01 1.460334952218522776e-05 1.837889205163993867e-07
1.630000000000000000e+02 1.106740918740409452e-05 8.599081959197890993e-08
2.660000000000000000e+02 9.656135798273768054e-06 5.824248362167636223e-08
3.680000000000000000e+02 8.463984326954401025e-06 4.366389331672909973e-08
4.700000000000000000e+02 7.884796584299180275e-06 3.593426314311958747e-08
5.720000000000000000e+02 7.492127952866442267e-06 3.099819713418352237e-08
6.740000000000000000e+02 7.238321340328634937e-06 2.742016457745982748e-08
7.770000000000000000e+02 7.132287306601702346e-06 2.533335129646999391e-08
8.790000000000000000e+02 6.995161081942389503e-06 2.334201468040017829e-08
9.810000000000000000e+02 6.888126688975225027e-06 2.175382041676124986e-08
1.083000000000000000e+03 6.810207742099622041e-06 2.048070102250513324e-08
1.186000000000000000e+03 6.775852057857471615e-06 1.938032404276000282e-08
1.288000000000000000e+03 6.674864088217978419e-06 1.840578394774840374e-08
1.390000000000000000e+03 6.677401412662546045e-06 1.771771894800362190e-08
1.492000000000000000e+03 6.637567314774700994e-06 1.700904949305263696e-08
1.594000000000000000e+03 6.587381984927690495e-06 1.632573497328656771e-08
1.696000000000000000e+03 6.568585001723838148e-06 1.571214519897286863e-08
1.799000000000000000e+03 6.534540817131069891e-06 1.524777696640381822e-08
1.901000000000000000e+03 6.503576894476826308e-06 1.476404571788898717e-08
2.003000000000000000e+03 6.495923062444212817e-06 1.436663958069388389e-08
2.106000000000000000e+03 6.478105148297187762e-06 1.390470046897096291e-08
2.208000000000000000e+03 6.440923508454516788e-06 1.356606115862295685e-08
2.310000000000000000e+03 6.466654950644987335e-06 1.331526472946761494e-08
2.412000000000000000e+03 6.447960241625967529e-06 1.300101453308480226e-08
2.514000000000000000e+03 6.425686049662195803e-06 1.268418951357671274e-08
2.616000000000000000e+03 6.421004381007102928e-06 1.236586751139594369e-08
2.719000000000000000e+03 6.440748811352644533e-06 1.222602315964049195e-08
2.821000000000000000e+03 6.427375988441979467e-06 1.198143029122136847e-08
2.923000000000000000e+03 6.393043353072924095e-06 1.170225421285202376e-08
3.025000000000000000e+03 6.415522039671937508e-06 1.154690102466560337e-08
3.128000000000000000e+03 6.371792718522518295e-06 1.122170569114771325e-08
3.230000000000000000e+03 6.407497455489106300e-06 1.116154475356055818e-08
3.332000000000000000e+03 6.378205399491565382e-06 1.093759523947487374e-08
3.434000000000000000e+03 6.392121784325878562e-06 1.080134714869673150e-08
3.536000000000000000e+03 6.402625839060708267e-06 1.060693163614504486e-08
3.639000000000000000e+03 6.362248583960631493e-06 1.043923615575504794e-08
3.741000000000000000e+03 6.372382740497473286e-06 1.031357168903529055e-08
3.843000000000000000e+03 6.371213744671122808e-06 1.017514461244191300e-08
3.945000000000000000e+03 6.355357794371520680e-06 1.001736437716963310e-08
4.048000000000000000e+03 6.351786064202709554e-06 9.837319008642707081e-09
4.150000000000000000e+03 6.370547860151240914e-06 9.786173851999481568e-09
4.252000000000000000e+03 6.333738514848583625e-06 9.617378625484509164e-09
4.354000000000000000e+03 6.312737948449003424e-06 9.473125004984858377e-09
4.456000000000000000e+03 6.292737793348948028e-06 9.285125239538126811e-09
4.559000000000000000e+03 6.268143069258495423e-06 9.190414539148596922e-09
4.661000000000000000e+03 6.246474967808171679e-06 9.058160745869900340e-09
4.763000000000000000e+03 6.198553149881806636e-06 8.891180920934546447e-09
4.865000000000000000e+03 6.179642354590042511e-06 8.772453576798331328e-09
4.968000000000000000e+03 6.155659948448121267e-06 8.603627733724164416e-09
5.070000000000000000e+03 6.118212754003685892e-06 8.506221692851154154e-09
5.172000000000000000e+03 6.075727634971492783e-06 8.365829596225833489e-09
5.274000000000000000e+03 6.062283374471661405e-06 8.262831179357525899e-09
5.376000000000000000e+03 6.031249046445286271e-06 8.145916412925714938e-09
5.478000000000000000e+03 6.018754317414430419e-06 8.011779259012616659e-09
5.581000000000000000e+03 5.980554951935513719e-06 7.924432571163591427e-09
5.683000000000000000e+03 5.972600757985165696e-06 7.841974362793356612e-09
5.785000000000000000e+03 5.929235432850941700e-06 7.720274497826685970e-09
5.888000000000000000e+03 5.916855194316270179e-06 7.597058758623318016e-09
5.990000000000000000e+03 5.884914475561286667e-06 7.527407486336808685e-09
6.092000000000000000e+03 5.880256054091048723e-06 7.456870190230998805e-09
