6.100000000000000000e+01 1.487455563488504827e-05 1.872519163250612825e-07
1.630000000000000000e+02 1.114052651810395567e-05 8.628361960830837222e-08
2.660000000000000000e+02 9.700184918890996104e-06 5.862661480291590011e-08
3.680000000000000000e+02 8.446460434560509425e-06 4.353753095548781830e-08
4.700000000000000000e+02 7.922711354226994531e-06 3.616674049912111120e-08
5.720000000000000000e+02 7.571188395078590228e-06 3.131751445952774207e-08
6.740000000000000000e+02 7.296658826515444418e-06 2.762683296154850876e-08
7.770000000000000000e+02 7.081056645932463863e-06 2.514465553041223047e-08
8.790000000000000000e+02 6.968459494406591156e-06 2.325191601833012224e-08
9.810000000000000000e+02 6.905228456652945794e-06 2.180844858213011600e-08
1.083000000000000000e+03 6.825075666312096617e-06 2.052662634255738779e-08
1.186000000000000000e+03 6.771142527960431240e-06 1.936743901863177838e-08
1.288000000000000000e+03 6.718674681775803931e-06 1.852891585962226499e-08
1.390000000000000000e+03 6.638561951100484364e-06 1.762195261380318804e-08
1.492000000000000000e+03 6.601896891117103259e-06 1.691447201160124452e-08
1.594000000000000000e+03 6.633954012351603347e-06 1.644620096047581318e-08
1.696000000000000000e+03 6.567723767168341184e-06 1.570348598817353521e-08
1.799000000000000000e+03 6.529167827072658875e-06 1.524196447274388467e-08
1.901000000000000000e+03 6.538705428277541743e-06 1.484039160082344503e-08
2.003000000000000000e+03 6.520529132189850455e-06 1.442026067451150126e-08
2.106000000000000000e+03 6.507025004797124267e-06 1.396919385264261769e-08
2.208000000000000000e+03 6.481127068708803119e-06 1.365024381734982360e-08
2.310000000000000000e+03 6.439455732026271430e-06 1.326227305159749761e-08
2.412000000000000000e+03 6.442438466103404853e-06 1.298475400991549123e-08
2.514000000000000000e+03 6.462785203125649701e-06 1.275690179527341535e-08
2.616000000000000000e+03 6.435728212400009950e-06 1.239567425315179985e-08
2.719000000000000000e+03 6.426295282571008022e-06 1.219775313234213510e-08
2.821000000000000000e+03 6.431826677489935800e-06 1.198840231552022646e-08
2.923000000000000000e+03 6.430996208637140443e-06 1.177569304147363198e-08
3.025000000000000000e+03 6.423883844690544320e-06 1.156216434359137504e-08
3.128000000000000000e+03 6.397752297770400221e-06 1.126928607311061821e-08
3.230000000000000000e+03 6.404370888431983731e-06 1.115418414676836098e-08
3.332000000000000000e+03 6.383144293451901795e-06 1.094722821726546991e-08
3.434000000000000000e+03 6.402556007696273458e-06 1.081859956303632149e-08
3.536000000000000000e+03 6.360181064292920538e-06 1.053548813916593804e-08
3.639000000000000000e+03 6.382987048322440186e-06 1.047394951184472557e-08
3.741000000000000000e+03 6.368776795568908526e-06 1.030883804759493136e-08
3.843000000000000000e+03 6.368549798813119127e-06 1.016868427149888671e-08
3.945000000000000000e+03 6.391696391525498682e-06 1.007365165782738552e-08
4.048000000000000000e+03 6.362966416443504799e-06 9.851976286991805860e-09
4.150000000000000000e+03 6.350047039797179381e-06 9.760736608416851517e-09
4.252000000000000000e+03 6.320408913364199725e-06 9.594982205932564342e-09
4.354000000000000000e+03 6.315534912540522578e-06 9.474469088163027217e-09
4.456000000000000000e+03 6.283778668247019367e-06 9.274050553205475019e-09
4.559000000000000000e+03 6.274226098065198258e-06 9.195831434761318233e-09
4.661000000000000000e+03 6.236130288859719876e-06 9.045689849499464709e-09
4.763000000000000000e+03 6.206240641117709960e-06 8.903298162414447696e-09
4.865000000000000000e+03 6.199344608894595664e-06 8.798222438945332678e-09
4.968000000000000000e+03 6.148000231515975135e-06 8.593366963153703607e-09
5.070000000000000000e+03 6.112577886812509758e-06 8.500841181132718451e-09
5.172000000000000000e+03 6.099390113285164254e-06 8.395920282192931183e-09
5.274000000000000000e+03 6.059409011832618703e-06 8.259377271222261623e-09
5.376000000000000000e+03 6.037476156499059650e-06 8.152720470972520561e-09
5.478000000000000000e+03 6.002219282793406615e-06 7.989259875889847130e-09
5.581000000000000000e+03 5.993305516457608667e-06 7.942748440843963050e-09
5.683000000000000000e+03 5.950662671391287138e-06 7.814586244841733590e-09
5.785000000000000000e+03 5.929331676437648637e-06 7.717082199757035826e-09
5.888000000000000000e+03 5.894826405358886001e-06 7.568651244542431376e-09
5.990000000000000000e+03 5.893996690057976315e-06 7.539872043570554819e-09
6.092000000000000000e+03 5.897930219040525795e-06 7.479643551917936874e-09
