6.100000000000000000e+01 1.454733025085942152e-05 1.833570619371173645e-07
1.630000000000000000e+02 1.122499224484632686e-05 8.719403800858764220e-08
2.660000000000000000e+02 9.568969914222541086e-06 5.773879785358126951e-08
3.680000000000000000e+02 8.484781369848706819e-06 4.380121150211767751e-08
4.700000000000000000e+02 7.922049446003065972e-06 3.612990212527442767e-08
5.720000000000000000e+02 7.513497769761407227e-06 3.107589111701342751e-08
6.740000000000000000e+02 7.319214822341434673e-06 2.773572040761911882e-08
7.770000000000000000e+02 7.115035095115783897e-06 2.525663421902165840e-08
8.790000000000000000e+02 6.962501832354401673e-06 2.324416621953991811e-08
9.810000000000000000e+02 6.887135502937473961e-06 2.174805883707490951e-08
1.083000000000000000e+03 6.787243415933291018e-06 2.041058282968420937e-08
1.186000000000000000e+03 6.725805153267850875e-06 1.923410058611421271e-08
1.288000000000000000e+03 6.698103347421828174e-06 1.846546543318616493e-08
1.390000000000000000e+03 6.631539850954236277e-06 1.760757670228566246e-08
1.492000000000000000e+03 6.603932172641162244e-06 1.692340425930636031e-08
1.594000000000000000e+03 6.609317707140097072e-06 1.637725254492380958e-08
1.696000000000000000e+03 6.555625801271376083e-06 1.567471458303972174e-08
1.799000000000000000e+03 6.552062084586088795e-06 1.529188013159048292e-08
1.901000000000000000e+03 6.500027683931183305e-06 1.475187339324601540e-08
2.003000000000000000e+03 6.489915482840512009e-06 1.435616355294029091e-08
2.106000000000000000e+03 6.464166305152575982e-06 1.387734507424483326e-08
2.208000000000000000e+03 6.485124164144856136e-06 1.365925404573599893e-08
2.310000000000000000e+03 6.448018650892929881e-06 1.328156225424045340e-08
2.412000000000000000e+03 6.435744597880311974e-06 1.296881017213766936e-08
2.514000000000000000e+03 6.434283010159299317e-06 1.270139882905566906e-08
2.616000000000000000e+03 6.420968319359972036e-06 1.236671304945226533e-08
2.719000000000000000e+03 6.442834830265753086e-06 1.222916829617992498e-08
2.821000000000000000e+03 6.396141856995605757e-06 1.192301920831838777e-08
2.923000000000000000e+03 6.388915158050733114e-06 1.169815890092996372e-08
3.025000000000000000e+03 6.384122127838782748e-06 1.148946473421000679e-08
3.128000000000000000e+03 6.400206352736556455e-06 1.127551526527589809e-08
3.230000000000000000e+03 6.398665217596302476e-06 1.114456413403475813e-08
3.332000000000000000e+03 6.395873007061516674e-06 1.096682604611463986e-08
3.434000000000000000e+03 6.355340382774002726e-06 1.073862069944642850e-08
3.536000000000000000e+03 6.394151744672312906e-06 1.058954940177731119e-08
3.639000000000000000e+03 6.370851184580161892e-06 1.045668045119805082e-08
3.741000000000000000e+03 6.361036796749301253e-06 1.029795657920167842e-08
3.843000000000000000e+03 6.360132343601309965e-06 1.015367442535938714e-08
3.945000000000000000e+03 6.363006790409771844e-06 1.003015098325707491e-08
4.048000000000000000e+03 6.357185425567772807e-06 9.843448466730765879e-09
4.150000000000000000e+03 6.338462335990942807e-06 9.739755354633728941e-09
4.252000000000000000e+03 6.334367636526825472e-06 9.617591849959025036e-09
4.354000000000000000e+03 6.286276028192857680e-06 9.431958050214825801e-09
4.456000000000000000e+03 6.297503339883073133e-06 9.294353833784485476e-09
4.559000000000000000e+03 6.265660199795630897e-06 9.185842752122918346e-09
4.661000000000000000e+03 6.259077293738173578e-06 9.075828638998389143e-09
4.763000000000000000e+03 6.207861355187217993e-06 8.906522153593006883e-09
4.865000000000000000e+03 6.178877405197934157e-06 8.769397820467335271e-09
4.968000000000000000e+03 6.152880000365773678e-06 8.602596108820527600e-09
5.070000000000000000e+03 6.131035339226673442e-06 8.521928528483562896e-09
5.172000000000000000e+03 6.089415238893745219e-06 8.384905755271048848e-09
5.274000000000000000e+03 6.059382957438376680e-06 8.259897593371172726e-09
5.376000000000000000e+03 6.040437200289731071e-06 8.156982188553442392e-09
5.478000000000000000e+03 6.001865063109848401e-06 7.989654829602984140e-09
5.581000000000000000e+03 5.969442567749824810e-06 7.909653031651996246e-09
5.683000000000000000e+03 5.964413810750838731e-06 7.834074528284155405e-09
5.785000000000000000e+03 5.932579977024355014e-06 7.721072142906022095e-09
5.888000000000000000e+03 5.912123629277698652e-06 7.592222930476962777e-09
5.990000000000000000e+03 5.877750370420981343e-06 7.518525464830631513e-09
6.092000000000000000e+03 5.904753566000023825e-06 7.486945802084149781e-09
