6.100000000000000000e+01 1.479200050686537453e-05 1.851989603425712292e-07
1.630000000000000000e+02 1.124315628771226632e-05 8.697317880946573024e-08
2.660000000000000000e+02 9.698521143000701043e-06 5.853236621594127113e-08
3.680000000000000000e+02 8.467851228425309179e-06 4.365272857824780683e-08
4.700000000000000000e+02 8.009879424112844340e-06 3.650115255490698617e-08
5.720000000000000000e+02 7.539967413887442425e-06 3.120588247083924858e-08
6.740000000000000000e+02 7.379667093869815382e-06 2.793081473723312910e-08
7.770000000000000000e+02 7.138168263524244228e-06 2.534674183465399624e-08
8.790000000000000000e+02 6.988433874621428827e-06 2.332942649841124275e-08
9.810000000000000000e+02 6.886007160221084432e-06 2.174118172547608020e-08
1.083000000000000000e+03 6.817712019013494551e-06 2.050332344798861081e-08
1.186000000000000000e+03 6.734948451479834198e-06 1.925846236396924133e-08
1.288000000000000000e+03 6.709560278011481748e-06 1.851067175453927260e-08
1.390000000000000000e+03 6.677594119590441866e-06 1.772661265551935962e-08
1.492000000000000000e+03 6.639629717444546650e-06 1.700874046626203777e-08
1.594000000000000000e+03 6.596637009042478249e-06 1.634913739018148572e-08
1.696000000000000000e+03 6.547483402448466810e-06 1.565787173632051547e-08
1.799000000000000000e+03 6.539722178210760456e-06 1.525622333865463754e-08
1.901000000000000000e+03 6.509065418351344806e-06 1.477873951548775676e-08
2.003000000000000000e+03 6.470555604741511946e-06 1.431115601710023366e-08
2.106000000000000000e+03 6.492056598513195625e-06 1.393764166833302516e-08
2.208000000000000000e+03 6.482209358670704214e-06 1.365373013103553471e-08
2.310000000000000000e+03 6.451240367686942619e-06 1.328382557021360568e-08
2.412000000000000000e+03 6.447305073513529991e-06 1.299228164487021073e-08
2.514000000000000000e+03 6.418801921992639543e-06 1.267458654585174951e-08
2.616000000000000000e+03 6.454738641733318027e-06 1.243058087720763811e-08
2.719000000000000000e+03 6.420977396165385484e-06 1.218955088911611739e-08
2.821000000000000000e+03 6.401532120278916174e-06 1.192921137419841693e-08
2.923000000000000000e+03 6.415663168778268749e-06 1.174629546983066635e-08
3.025000000000000000e+03 6.400266935404547557e-06 1.152350583868239571e-08
3.128000000000000000e+03 6.399592105865733899e-06 1.127094750982379907e-08
3.230000000000000000e+03 6.392182949426979414e-06 1.113357796995527329e-08
3.332000000000000000e+03 6.393735533548946296e-06 1.096430917622204055e-08
3.434000000000000000e+03 6.394324799335539169e-06 1.080195147602652986e-08
3.536000000000000000e+03 6.385593922098480371e-06 1.057765163199812404e-08
3.639000000000000000e+03 6.372918995908439428e-06 1.046022374335368158e-08
3.741000000000000000e+03 6.364207445032817226e-06 1.030000479714089931e-08
3.843000000000000000e+03 6.371516528887067674e-06 1.017276315389224471e-08
3.945000000000000000e+03 6.369946830460356937e-06 1.003895241452025185e-08
4.048000000000000000e+03 6.350932322667810707e-06 9.837231097924759244e-09
4.150000000000000000e+03 6.349203901423682267e-06 9.757662741770538530e-09
4.252000000000000000e+03 6.320524796401491540e-06 9.594385557488482031e-09
4.354000000000000000e+03 6.329896989424111235e-06 9.496715680115910800e-09
4.456000000000000000e+03 6.300559964540561506e-06 9.297456623185892855e-09
4.559000000000000000e+03 6.266190530237673620e-06 9.187800327836379733e-09
4.661000000000000000e+03 6.236242054060102900e-06 9.045296411487253488e-09
4.763000000000000000e+03 6.209603573107131835e-06 8.907933549544118186e-09
4.865000000000000000e+03 6.199590134204421984e-06 8.799162808162230031e-09
4.968000000000000000e+03 6.155075482373820573e-06 8.603957799895889657e-09
5.070000000000000000e+03 6.130730980843158362e-06 8.524878000010577382e-09
5.172000000000000000e+03 6.101712746070854125e-06 8.399012440410446652e-09
5.274000000000000000e+03 6.070359125759382188e-06 8.275069285733334970e-09
5.376000000000000000e+03 6.041088960150472265e-06 8.155731162360238818e-09
5.478000000000000000e+03 6.018343300471236183e-06 8.011507589367707682e-09
5.581000000000000000e+03 5.995460954804013044e-06 7.945511923030171104e-09
5.683000000000000000e+03 5.965904972593098990e-06 7.834007107296015718e-09
5.785000000000000000e+03 5.933080176429865915e-06 7.725075043164227020e-09
5.888000000000000000e+03 5.924930333084218408e-06 7.607213574240325327e-09
5.990000000000000000e+03 5.895221777119675185e-06 7.540334335368177401e-09
6.092000000000000000e+03 5.900477607632176543e-06 7.480719673925279480e-09
