6.100000000000000000e+01 1.514285172146570463e-05 1.901663527610499346e-07
1.630000000000000000e+02 1.147680828662812972e-05 8.883404821174353483e-08
2.660000000000000000e+02 9.940436422054471765e-06 6.010737958850801820e-08
3.680000000000000000e+02 8.705390593838337077e-06 4.485077355946893385e-08
4.700000000000000000e+02 8.246895665249168744e-06 3.762338979409835814e-08
5.720000000000000000e+02 7.791943231894879831e-06 3.223218662960961522e-08
6.740000000000000000e+02 7.542508203067867244e-06 2.857922624527425182e-08
7.770000000000000000e+02 7.362613370124994573e-06 2.615062958720884107e-08
8.790000000000000000e+02 7.224495852677388997e-06 2.411299825249865375e-08
9.810000000000000000e+02 7.183831865361265073e-06 2.269250102598120358e-08
1.083000000000000000e+03 7.011667702435304711e-06 2.108870969647261356e-08
1.186000000000000000e+03 6.947116081519366025e-06 1.987367552220470462e-08
1.288000000000000000e+03 6.919070010022150560e-06 1.907007647409726687e-08
1.390000000000000000e+03 6.894673447635927939e-06 1.829646959532035935e-08
1.492000000000000000e+03 6.844705157045228859e-06 1.754309299406648476e-08
1.594000000000000000e+03 6.814136825525909813e-06 1.689276121493791350e-08
1.696000000000000000e+03 6.780170249344715173e-06 1.621492021517168455e-08
1.799000000000000000e+03 6.772921166110872275e-06 1.580417882068560785e-08
1.901000000000000000e+03 6.776435284660282215e-06 1.537940323985677576e-08
2.003000000000000000e+03 6.739642419755038027e-06 1.490506868870422390e-08
2.106000000000000000e+03 6.709583925355653169e-06 1.440467831489525203e-08
2.208000000000000000e+03 6.726081464510037882e-06 1.416770366674289879e-08
2.310000000000000000e+03 6.675827776384708451e-06 1.375021882838533069e-08
2.412000000000000000e+03 6.668373179044339402e-06 1.344340366469156029e-08
2.514000000000000000e+03 6.663410452641062302e-06 1.314794122382585638e-08
2.616000000000000000e+03 6.671478934537439459e-06 1.284963934942646367e-08
2.719000000000000000e+03 6.651395178766102808e-06 1.262911288640663962e-08
2.821000000000000000e+03 6.654284986816966170e-06 1.240183393813381120e-08
2.923000000000000000e+03 6.649701355006586514e-06 1.217436364891605224e-08
3.025000000000000000e+03 6.618106529208505282e-06 1.191133876920601998e-08
3.128000000000000000e+03 6.627645888769561929e-06 1.167595251046816376e-08
3.230000000000000000e+03 6.623473889606294142e-06 1.153420414974850961e-08
3.332000000000000000e+03 6.629811992426833368e-06 1.136936269204011929e-08
3.434000000000000000e+03 6.623178876706320861e-06 1.118756394747706749e-08
3.536000000000000000e+03 6.610625964453961828e-06 1.094977472876037317e-08
3.639000000000000000e+03 6.630656459061025782e-06 1.088292849014511174e-08
3.741000000000000000e+03 6.611744002413548486e-06 1.069910317748295278e-08
3.843000000000000000e+03 6.607079334021936055e-06 1.055226381653246236e-08
3.945000000000000000e+03 6.602916145291938733e-06 1.040792454851521864e-08
4.048000000000000000e+03 6.605116389905608377e-06 1.022736378188699586e-08
4.150000000000000000e+03 6.596106787903453382e-06 1.013814583553014330e-08
4.252000000000000000e+03 6.559739007887509898e-06 9.955731994858353390e-09
4.354000000000000000e+03 6.536418541456488955e-06 9.808383981058530977e-09
4.456000000000000000e+03 6.510093673062560119e-06 9.606450851236304882e-09
4.559000000000000000e+03 6.497625635486325003e-06 9.528183703379869922e-09
4.661000000000000000e+03 6.474207167631554591e-06 9.386400846919839168e-09
4.763000000000000000e+03 6.437948300339089412e-06 9.234984815346316054e-09
4.865000000000000000e+03 6.416678883608553852e-06 9.110425957019038910e-09
4.968000000000000000e+03 6.388368649656212298e-06 8.928372830175889871e-09
5.070000000000000000e+03 6.338484683290088440e-06 8.812184487890232015e-09
5.172000000000000000e+03 6.318103076516526042e-06 8.699695135141710096e-09
5.274000000000000000e+03 6.296754846336255460e-06 8.581955290310061533e-09
5.376000000000000000e+03 6.255881847713345322e-06 8.448325927319373768e-09
5.478000000000000000e+03 6.222907130936378393e-06 8.282946255896574229e-09
5.581000000000000000e+03 6.204856670124653848e-06 8.221754602118859829e-09
5.683000000000000000e+03 6.180460249179155580e-06 8.116733779528405138e-09
5.785000000000000000e+03 6.144979335533676213e-06 7.998495583494882129e-09
5.888000000000000000e+03 6.120293833328680601e-06 7.859184232929901616e-09
5.990000000000000000e+03 6.110973107403136419e-06 7.818169878135818605e-09
6.092000000000000000e+03 6.120989903218469106e-06 7.760800309614169727e-09
