6.100000000000000000e+01 1.475609786661276877e-05 1.845766834540229613e-07
1.630000000000000000e+02 1.115362020689800660e-05 8.627686361877119155e-08
2.660000000000000000e+02 9.707898673241551350e-06 5.863749178111370522e-08
3.680000000000000000e+02 8.426236502850071634e-06 4.347583171048456649e-08
4.700000000000000000e+02 8.049212836078739681e-06 3.669324375353520502e-08
5.720000000000000000e+02 7.584255163895238912e-06 3.135149849216996362e-08
6.740000000000000000e+02 7.294139316997263631e-06 2.762847876833951455e-08
7.770000000000000000e+02 7.134896035683011146e-06 2.532332306567182584e-08
8.790000000000000000e+02 7.026217169728565736e-06 2.343550814659168179e-08
9.810000000000000000e+02 6.879253458218497104e-06 2.175109551799076111e-08
1.083000000000000000e+03 6.833730442453790699e-06 2.054106078637331573e-08
1.186000000000000000e+03 6.736299554900798429e-06 1.927231896425168044e-08
1.288000000000000000e+03 6.690415607619270767e-06 1.844369249744720731e-08
1.390000000000000000e+03 6.654503676678451134e-06 1.766189311996211838e-08
1.492000000000000000e+03 6.643898987494189369e-06 1.702111196995197271e-08
1.594000000000000000e+03 6.573146693869084267e-06 1.630004816463600969e-08
1.696000000000000000e+03 6.554258971939142282e-06 1.567489667847767191e-08
1.799000000000000000e+03 6.542352671480560096e-06 1.526299843952272465e-08
1.901000000000000000e+03 6.521667468298449417e-06 1.480253912704870074e-08
2.003000000000000000e+03 6.490418153548833129e-06 1.435672243036091162e-08
2.106000000000000000e+03 6.502033983126394989e-06 1.395978033268241063e-08
2.208000000000000000e+03 6.476055951165814864e-06 1.364011912145839185e-08
2.310000000000000000e+03 6.469826837684504397e-06 1.333009642115874757e-08
2.412000000000000000e+03 6.445327697294775865e-06 1.298854607664137302e-08
2.514000000000000000e+03 6.430617209769895305e-06 1.269282081751853793e-08
2.616000000000000000e+03 6.450231517663964953e-06 1.241987115039554370e-08
2.719000000000000000e+03 6.437240900812467748e-06 1.222287931772681891e-08
2.821000000000000000e+03 6.407868442598777508e-06 1.194324055065752543e-08
2.923000000000000000e+03 6.403312237073810012e-06 1.172364500917275532e-08
3.025000000000000000e+03 6.422954091100623037e-06 1.155866141517583841e-08
3.128000000000000000e+03 6.391497143046657153e-06 1.125427165367614694e-08
3.230000000000000000e+03 6.394588929721731907e-06 1.114229996587325874e-08
3.332000000000000000e+03 6.382766950049364100e-06 1.094663659010456438e-08
3.434000000000000000e+03 6.385971560102099335e-06 1.078829171070360205e-08
3.536000000000000000e+03 6.371850827454486076e-06 1.055448540421341051e-08
3.639000000000000000e+03 6.379940570552465483e-06 1.046792994424082927e-08
3.741000000000000000e+03 6.374957603142312120e-06 1.031935531703125050e-08
3.843000000000000000e+03 6.367982026937651577e-06 1.016981179523018936e-08
3.945000000000000000e+03 6.365613888868633205e-06 1.003525979600863546e-08
4.048000000000000000e+03 6.351182811504871313e-06 9.833610627751364135e-09
4.150000000000000000e+03 6.345234667649363737e-06 9.751586667518550478e-09
4.252000000000000000e+03 6.354070923116104023e-06 9.647660398385643587e-09
4.354000000000000000e+03 6.317760489314114573e-06 9.476265015006060562e-09
4.456000000000000000e+03 6.291154992891529500e-06 9.284653545122775688e-09
4.559000000000000000e+03 6.265099878285014026e-06 9.189128059702222146e-09
4.661000000000000000e+03 6.246179711180354704e-06 9.056616201075715018e-09
4.763000000000000000e+03 6.231793264247267037e-06 8.938317351928334804e-09
4.865000000000000000e+03 6.182956462665245028e-06 8.778367952691736622e-09
4.968000000000000000e+03 6.142402577572790971e-06 8.585399720672031453e-09
5.070000000000000000e+03 6.121752176719302642e-06 8.511826331041568405e-09
5.172000000000000000e+03 6.102908499605000973e-06 8.401672950040065848e-09
5.274000000000000000e+03 6.067307777244025177e-06 8.269981756645472006e-09
5.376000000000000000e+03 6.036941298893669154e-06 8.151110897297741836e-09
5.478000000000000000e+03 6.013825670820522584e-06 8.004619996540868830e-09
5.581000000000000000e+03 5.989074022809223903e-06 7.936619973830207208e-09
5.683000000000000000e+03 5.960152733556317348e-06 7.827953489731225111e-09
5.785000000000000000e+03 5.945246012159217519e-06 7.739005596616026427e-09
5.888000000000000000e+03 5.897794526231642693e-06 7.572928337634796851e-09
5.990000000000000000e+03 5.887644492469835836e-06 7.531883532221843167e-09
6.092000000000000000e+03 5.905813264792268141e-06 7.488884980167828482e-09
