6.100000000000000000e+01 1.476264128723245916e-05 1.852670698347289196e-07
1.630000000000000000e+02 1.116633728091388233e-05 8.663958579223251322e-08
2.660000000000000000e+02 9.713669475265865195e-06 5.865017733575530320e-08
3.680000000000000000e+02 8.507317560629336180e-06 4.387949201731855810e-08
4.700000000000000000e+02 8.012111899026996617e-06 3.653012147804930088e-08
5.720000000000000000e+02 7.539384169176331758e-06 3.118013696018523545e-08
6.740000000000000000e+02 7.255970093363176708e-06 2.751193048476760911e-08
7.770000000000000000e+02 7.126854149510169550e-06 2.529915386317290155e-08
8.790000000000000000e+02 7.062517288658169763e-06 2.355904359827047459e-08
9.810000000000000000e+02 6.868462941452729479e-06 2.169524564774310695e-08
1.083000000000000000e+03 6.832376453610009448e-06 2.053972996180188846e-08
1.186000000000000000e+03 6.738462389100824648e-06 1.927486567473088704e-08
1.288000000000000000e+03 6.707622732445135120e-06 1.849583629851536441e-08
1.390000000000000000e+03 6.665532645701487816e-06 1.770055467620833954e-08
1.492000000000000000e+03 6.619439942110934146e-06 1.695822771058172470e-08
1.594000000000000000e+03 6.609939501553879136e-06 1.638663304150884154e-08
1.696000000000000000e+03 6.586040605223960530e-06 1.574910872307055451e-08
1.799000000000000000e+03 6.573973259902020374e-06 1.533618143669195261e-08
1.901000000000000000e+03 6.537689642397080162e-06 1.484463007456853336e-08
2.003000000000000000e+03 6.491930469473360060e-06 1.435719940552766073e-08
2.106000000000000000e+03 6.501866001526441325e-06 1.395318714701713067e-08
2.208000000000000000e+03 6.501057532180989767e-06 1.369330097821710243e-08
2.310000000000000000e+03 6.460250277802066245e-06 1.330777066109823394e-08
2.412000000000000000e+03 6.468352536364985189e-06 1.303262112230926622e-08
2.514000000000000000e+03 6.444967911644821069e-06 1.272690520949220686e-08
2.616000000000000000e+03 6.439656163763532286e-06 1.239968814830521699e-08
2.719000000000000000e+03 6.436057961930061191e-06 1.221850232221947441e-08
2.821000000000000000e+03 6.414486753138776894e-06 1.195184906654635595e-08
2.923000000000000000e+03 6.419339995518180052e-06 1.175623643982184162e-08
3.025000000000000000e+03 6.406602850943574966e-06 1.153201328604805006e-08
3.128000000000000000e+03 6.426072909907543353e-06 1.131469408848595772e-08
3.230000000000000000e+03 6.410263896789469184e-06 1.116784137612465937e-08
3.332000000000000000e+03 6.398010849619706514e-06 1.096953622501969495e-08
3.434000000000000000e+03 6.392610555993699099e-06 1.080187924023649947e-08
3.536000000000000000e+03 6.419685197860195954e-06 1.063446649672495963e-08
3.639000000000000000e+03 6.388065166385424490e-06 1.048405369430697776e-08
3.741000000000000000e+03 6.386090725275521038e-06 1.033449716340433998e-08
3.843000000000000000e+03 6.386008592575000873e-06 1.019852315481450738e-08
3.945000000000000000e+03 6.405034448487743702e-06 1.009675980887860155e-08
4.048000000000000000e+03 6.366621455908030927e-06 9.859649053874662957e-09
4.150000000000000000e+03 6.360377469105874485e-06 9.775658433228015229e-09
4.252000000000000000e+03 6.344806532028238584e-06 9.633633044271426941e-09
4.354000000000000000e+03 6.321692344933909877e-06 9.483576146396952268e-09
4.456000000000000000e+03 6.315283548096266513e-06 9.316916264545243736e-09
4.559000000000000000e+03 6.288893668655944378e-06 9.223022052297312684e-09
4.661000000000000000e+03 6.266595502202351354e-06 9.087207161552144302e-09
4.763000000000000000e+03 6.220703149087189223e-06 8.923698008993874303e-09
4.865000000000000000e+03 6.200903535104688201e-06 8.799818324403807713e-09
4.968000000000000000e+03 6.164715551133000064e-06 8.617791629445263625e-09
5.070000000000000000e+03 6.150777272988781556e-06 8.551555340663396485e-09
5.172000000000000000e+03 6.116615686774750076e-06 8.421008492270567099e-09
5.274000000000000000e+03 6.085254523791269686e-06 8.296750592278444035e-09
5.376000000000000000e+03 6.049995088753457472e-06 8.168817725087129025e-09
5.478000000000000000e+03 6.026458563723541005e-06 8.020132528619095166e-09
5.581000000000000000e+03 6.003240036532076808e-06 7.956869992703204532e-09
5.683000000000000000e+03 5.969604630998897960e-06 7.839032134241045727e-09
5.785000000000000000e+03 5.951125202039845507e-06 7.747927119005734420e-09
5.888000000000000000e+03 5.922425298475915954e-06 7.602797516133921561e-09
5.990000000000000000e+03 5.891497965437481900e-06 7.537878895666259003e-09
6.092000000000000000e+03 5.918397963513005795e-06 7.504662089018325229e-09
