6.100000000000000000e+01 1.486849666778412880e-05 1.859621101724668234e-07
1.630000000000000000e+02 1.137810988027887862e-05 8.826287529704545238e-08
2.660000000000000000e+02 9.650237871411032267e-06 5.821915658859390101e-08
3.680000000000000000e+02 8.421735406801254294e-06 4.348982551270910398e-08
4.700000000000000000e+02 8.004452636797827856e-06 3.647869209461922459e-08
5.720000000000000000e+02 7.526645094767740035e-06 3.114571202810443469e-08
6.740000000000000000e+02 7.309332320200448630e-06 2.768237516852389484e-08
7.770000000000000000e+02 7.148854320876356130e-06 2.538369272443093540e-08
8.790000000000000000e+02 6.969425313099164216e-06 2.324755989028532399e-08
9.810000000000000000e+02 6.895247181035230228e-06 2.178130502725084281e-08
1.083000000000000000e+03 6.796938925655328797e-06 2.044603520047212943e-08
1.186000000000000000e+03 6.746242012969416744e-06 1.929279520206808091e-08
1.288000000000000000e+03 6.677841056700977891e-06 1.841385813435384125e-08
1.390000000000000000e+03 6.657321518903360750e-06 1.767970953405099434e-08
1.492000000000000000e+03 6.608502325233557674e-06 1.693039340929197433e-08
1.594000000000000000e+03 6.567147774140987851e-06 1.626977176402509078e-08
1.696000000000000000e+03 6.558920885888939325e-06 1.568912284859546653e-08
1.799000000000000000e+03 6.544805938849406064e-06 1.527108726189790164e-08
1.901000000000000000e+03 6.528066773528034281e-06 1.482094301791838232e-08
2.003000000000000000e+03 6.509097849286192314e-06 1.439260247251097763e-08
2.106000000000000000e+03 6.504084003625753855e-06 1.396598205985715487e-08
2.208000000000000000e+03 6.459956427407170855e-06 1.360561537827288793e-08
2.310000000000000000e+03 6.469796074020365455e-06 1.332494483967988457e-08
2.412000000000000000e+03 6.439704429583397561e-06 1.297797579501930172e-08
2.514000000000000000e+03 6.445665593952268308e-06 1.272678268928729701e-08
2.616000000000000000e+03 6.414102033559289282e-06 1.235126244307176118e-08
2.719000000000000000e+03 6.422255273498146187e-06 1.219090568982036581e-08
2.821000000000000000e+03 6.412294022853384125e-06 1.195365020299604325e-08
2.923000000000000000e+03 6.391755126109454024e-06 1.170227738366751427e-08
3.025000000000000000e+03 6.418473162543169502e-06 1.155327313479097866e-08
3.128000000000000000e+03 6.405688716068713506e-06 1.128313891942981295e-08
3.230000000000000000e+03 6.406182074807929407e-06 1.115946556086933146e-08
3.332000000000000000e+03 6.373788877066847056e-06 1.092680165685814087e-08
3.434000000000000000e+03 6.391486956443558368e-06 1.079746837783008663e-08
3.536000000000000000e+03 6.386199905517505708e-06 1.057846419000917813e-08
3.639000000000000000e+03 6.386662482148596942e-06 1.048082443771821332e-08
3.741000000000000000e+03 6.369029801537850174e-06 1.031075997441878947e-08
3.843000000000000000e+03 6.387453922699332184e-06 1.019965070446852546e-08
3.945000000000000000e+03 6.363296339437221551e-06 1.002884678584056296e-08
4.048000000000000000e+03 6.368152266633342342e-06 9.859988436711991048e-09
4.150000000000000000e+03 6.353821451326509222e-06 9.765038702199586591e-09
4.252000000000000000e+03 6.324164775888231957e-06 9.601423691273208617e-09
4.354000000000000000e+03 6.308409601282820088e-06 9.462298451625484981e-09
4.456000000000000000e+03 6.290178155946998921e-06 9.284385991956040357e-09
4.559000000000000000e+03 6.277037883833393693e-06 9.202949759919630424e-09
4.661000000000000000e+03 6.238106675791792219e-06 9.046371051184453549e-09
4.763000000000000000e+03 6.222690256356750756e-06 8.925870773540729063e-09
4.865000000000000000e+03 6.185256195405687608e-06 8.780092821930400673e-09
4.968000000000000000e+03 6.151345557431097271e-06 8.598872592043717478e-09
5.070000000000000000e+03 6.149387135859976001e-06 8.549817386114961282e-09
5.172000000000000000e+03 6.084848129992770211e-06 8.375971921100058242e-09
5.274000000000000000e+03 6.073847335520606411e-06 8.279218078584409012e-09
5.376000000000000000e+03 6.031641223970178111e-06 8.145425499806533495e-09
5.478000000000000000e+03 6.014571111826553283e-06 8.006276006079965429e-09
5.581000000000000000e+03 5.988957144701906701e-06 7.936083622633344944e-09
5.683000000000000000e+03 5.965352440395732040e-06 7.834787277974253573e-09
5.785000000000000000e+03 5.935899765038208058e-06 7.726682143625323409e-09
5.888000000000000000e+03 5.917032294704216306e-06 7.598508695553448901e-09
5.990000000000000000e+03 5.894830008964439642e-06 7.538594201076555937e-09
6.092000000000000000e+03 5.901904428888155289e-06 7.484607786965333803e-09
