6.100000000000000000e+01 1.462476977954674526e-05 1.836173762689221973e-07
1.630000000000000000e+02 1.227574239297558935e-05 9.487665316461055165e-08
2.660000000000000000e+02 1.131286298260643441e-05 6.820681297584187242e-08
3.680000000000000000e+02 1.074411376598511629e-05 5.533288220148370599e-08
4.700000000000000000e+02 1.038498974417279785e-05 4.735411251585401445e-08
5.720000000000000000e+02 1.023465770764144919e-05 4.234657672204145596e-08
6.740000000000000000e+02 1.012433088124606253e-05 3.835794188094946613e-08
7.770000000000000000e+02 1.012305595264748977e-05 3.592410095627654345e-08
8.790000000000000000e+02 1.003933686795642870e-05 3.351973908744294130e-08
9.810000000000000000e+02 9.958414833768800285e-06 3.145625927440873138e-08
1.083000000000000000e+03 9.914568516902114278e-06 2.980735186669636007e-08
1.186000000000000000e+03 9.930276757093396282e-06 2.840116632417358817e-08
1.288000000000000000e+03 9.786209810621705467e-06 2.698227284285599654e-08
1.390000000000000000e+03 9.910471165279436732e-06 2.629715170244969295e-08
1.492000000000000000e+03 9.883353275643886617e-06 2.531746262611626532e-08
1.594000000000000000e+03 9.859357626892607788e-06 2.444614676040694023e-08
1.696000000000000000e+03 9.866409142905869988e-06 2.359862918262312836e-08
1.799000000000000000e+03 9.864500537939874426e-06 2.301644616098971801e-08
1.901000000000000000e+03 9.794132890212919144e-06 2.222881206221336198e-08
2.003000000000000000e+03 9.747043300570629970e-06 2.156743432657023403e-08
2.106000000000000000e+03 9.796228935455635905e-06 2.103135541037152370e-08
2.208000000000000000e+03 9.808987674925347485e-06 2.065630629966160025e-08
2.310000000000000000e+03 9.770352485396669755e-06 2.011849688677369944e-08
2.412000000000000000e+03 9.830562181372660914e-06 1.981403140046833116e-08
2.514000000000000000e+03 9.781902967612994104e-06 1.931245637633381116e-08
2.616000000000000000e+03 9.793971220687960110e-06 1.885819413683316801e-08
2.719000000000000000e+03 9.780022155988054157e-06 1.856698686232313828e-08
2.821000000000000000e+03 9.780863529860421969e-06 1.822573061619127702e-08
2.923000000000000000e+03 9.761278218432047375e-06 1.787438194544419055e-08
3.025000000000000000e+03 9.764197446662630371e-06 1.757445513049186614e-08
3.128000000000000000e+03 9.774064329173999871e-06 1.721520987181374920e-08
3.230000000000000000e+03 9.742099463511858339e-06 1.696852374204653351e-08
3.332000000000000000e+03 9.766240842800454934e-06 1.675431077290430489e-08
3.434000000000000000e+03 9.767593437545379206e-06 1.650123230623616717e-08
3.536000000000000000e+03 9.788947367072453479e-06 1.621385878790395935e-08
3.639000000000000000e+03 9.752008692693445285e-06 1.600479965288125193e-08
3.741000000000000000e+03 9.763768687648338533e-06 1.580293957088968773e-08
3.843000000000000000e+03 9.747752145798946487e-06 1.556317997048936180e-08
3.945000000000000000e+03 9.751364853297786944e-06 1.536878831968926153e-08
4.048000000000000000e+03 9.753815221628316071e-06 1.510748065667295144e-08
4.150000000000000000e+03 9.761285537902580927e-06 1.499586818318564004e-08
4.252000000000000000e+03 9.708575883478237734e-06 1.473848058471071486e-08
4.354000000000000000e+03 9.679481215537224264e-06 1.452601195203853220e-08
4.456000000000000000e+03 9.689363184200956236e-06 1.429954033716854824e-08
4.559000000000000000e+03 9.625405399919773584e-06 1.411009207603822030e-08
4.661000000000000000e+03 9.582197154014846768e-06 1.389449927974500590e-08
4.763000000000000000e+03 9.532912937046226454e-06 1.367600406983147814e-08
4.865000000000000000e+03 9.486958661563071760e-06 1.346665862720749512e-08
4.968000000000000000e+03 9.462807555076280228e-06 1.322719516901564491e-08
5.070000000000000000e+03 9.405285360624734885e-06 1.307550130542525159e-08
5.172000000000000000e+03 9.363265911952369438e-06 1.289023785709074822e-08
5.274000000000000000e+03 9.307131572710857127e-06 1.268889527284920761e-08
5.376000000000000000e+03 9.291946707928476064e-06 1.254601989013889209e-08
5.478000000000000000e+03 9.250781066445071919e-06 1.231421701226729360e-08
5.581000000000000000e+03 9.182813120161603443e-06 1.217015787892229466e-08
5.683000000000000000e+03 9.144964911335634250e-06 1.200895341893309574e-08
5.785000000000000000e+03 9.131686159353222522e-06 1.188566729311185645e-08
5.888000000000000000e+03 9.091262366530312671e-06 1.167233873583898871e-08
5.990000000000000000e+03 9.049677478855385306e-06 1.157749713293314690e-08
6.092000000000000000e+03 9.083397311987083302e-06 1.151799272674518968e-08
