6.100000000000000000e+01 1.422019011231542612e-05 1.791169983348300804e-07
1.630000000000000000e+02 1.242789114987594983e-05 9.610698797081226148e-08
2.660000000000000000e+02 1.119437659714190390e-05 6.756697413391557522e-08
3.680000000000000000e+02 1.059066639731120929e-05 5.457313000870130820e-08
4.700000000000000000e+02 1.031352280314597876e-05 4.704012037851433598e-08
5.720000000000000000e+02 1.019131434389489728e-05 4.215372328839926269e-08
6.740000000000000000e+02 1.008172624929195045e-05 3.815957088861125435e-08
7.770000000000000000e+02 9.977125421240690703e-06 3.541039130339260330e-08
8.790000000000000000e+02 9.992258530704580796e-06 3.334023021940727516e-08
9.810000000000000000e+02 9.918202389685430340e-06 3.133556422589113718e-08
1.083000000000000000e+03 9.883073052417473266e-06 2.970467841394129578e-08
1.186000000000000000e+03 9.866225205749107820e-06 2.822404286406799608e-08
1.288000000000000000e+03 9.872307180755969823e-06 2.722021179789019270e-08
1.390000000000000000e+03 9.837666553600941886e-06 2.612041455744945022e-08
1.492000000000000000e+03 9.790072187889737478e-06 2.508169716941217315e-08
1.594000000000000000e+03 9.832480156108532767e-06 2.437474681190719567e-08
1.696000000000000000e+03 9.795839774662811700e-06 2.341848081424496606e-08
1.799000000000000000e+03 9.795813880836855674e-06 2.284915698795079626e-08
1.901000000000000000e+03 9.777284315563752447e-06 2.220517389398641034e-08
2.003000000000000000e+03 9.788297354762976241e-06 2.164022000121706181e-08
2.106000000000000000e+03 9.771974360033349328e-06 2.098406811222678299e-08
2.208000000000000000e+03 9.757015461569648292e-06 2.054737742067887655e-08
2.310000000000000000e+03 9.736007989742483364e-06 2.005169872920995573e-08
2.412000000000000000e+03 9.781001964809872724e-06 1.971228876619401593e-08
2.514000000000000000e+03 9.757429147338950311e-06 1.926308379519971746e-08
2.616000000000000000e+03 9.737013431085972390e-06 1.875734353167607997e-08
2.719000000000000000e+03 9.753391523113276608e-06 1.850514399615925700e-08
2.821000000000000000e+03 9.727493325073164872e-06 1.813432281300088946e-08
2.923000000000000000e+03 9.757308397883744647e-06 1.786446228284539954e-08
3.025000000000000000e+03 9.739206834949007117e-06 1.752439886897886262e-08
3.128000000000000000e+03 9.737223496394468563e-06 1.714987280001973705e-08
3.230000000000000000e+03 9.727455847449868585e-06 1.694403465728860073e-08
3.332000000000000000e+03 9.708739493326375250e-06 1.664931421496227118e-08
3.434000000000000000e+03 9.725865917615557745e-06 1.643276481837031170e-08
3.536000000000000000e+03 9.739242460827310778e-06 1.613071118405147264e-08
3.639000000000000000e+03 9.738773751141392677e-06 1.598573326681039472e-08
3.741000000000000000e+03 9.750305509827217489e-06 1.577916762450178362e-08
3.843000000000000000e+03 9.711746009245006870e-06 1.550452232837810228e-08
3.945000000000000000e+03 9.704953705359221940e-06 1.530071179796411324e-08
4.048000000000000000e+03 9.706785120536471904e-06 1.503088833316095262e-08
4.150000000000000000e+03 9.727565626714325200e-06 1.494538600800446444e-08
4.252000000000000000e+03 9.689212292079352198e-06 1.471447776318109447e-08
4.354000000000000000e+03 9.645792659104981040e-06 1.446867632659704938e-08
4.456000000000000000e+03 9.627767031089318680e-06 1.420722519534542665e-08
4.559000000000000000e+03 9.597477285379827879e-06 1.407213284590133202e-08
4.661000000000000000e+03 9.574723230775730330e-06 1.388520374806112622e-08
4.763000000000000000e+03 9.514590306157886642e-06 1.365083977062515001e-08
4.865000000000000000e+03 9.448760850353855775e-06 1.341249366706828361e-08
4.968000000000000000e+03 9.445683794518129544e-06 1.319997830941370624e-08
5.070000000000000000e+03 9.382756213079729158e-06 1.304640607607092243e-08
5.172000000000000000e+03 9.347678815003138475e-06 1.286743753098686321e-08
5.274000000000000000e+03 9.306400441221743662e-06 1.268790655240167922e-08
5.376000000000000000e+03 9.260255775050161574e-06 1.250705796822031417e-08
5.478000000000000000e+03 9.223310893523178243e-06 1.227438772977422132e-08
5.581000000000000000e+03 9.180830576097208254e-06 1.216643175658352954e-08
5.683000000000000000e+03 9.124008593236490280e-06 1.198212723532178696e-08
5.785000000000000000e+03 9.084403266201767900e-06 1.182562086357337729e-08
5.888000000000000000e+03 9.046736631979843192e-06 1.161684483508998516e-08
5.990000000000000000e+03 9.035954382238222383e-06 1.155881369545505412e-08
6.092000000000000000e+03 9.048481455261512974e-06 1.147339910181482705e-08
