6.100000000000000000e+01 1.446747633553566384e-05 1.817426093394056778e-07
1.630000000000000000e+02 1.243373223877962301e-05 9.608213910695913935e-08
2.660000000000000000e+02 1.122836067374944533e-05 6.774192190868302602e-08
3.680000000000000000e+02 1.066772638628219342e-05 5.495150314392028629e-08
4.700000000000000000e+02 1.034382073362226990e-05 4.717209634760604063e-08
5.720000000000000000e+02 1.015311975734806683e-05 4.198344680085909286e-08
6.740000000000000000e+02 1.013773134113513778e-05 3.841873975510515066e-08
7.770000000000000000e+02 1.004315578740439689e-05 3.565297323196057118e-08
8.790000000000000000e+02 9.949357633173034357e-06 3.318274294927518798e-08
9.810000000000000000e+02 9.993130759623005825e-06 3.155476751593918542e-08
1.083000000000000000e+03 9.917140904439508911e-06 2.981463947924398225e-08
1.186000000000000000e+03 9.848342611827840765e-06 2.817064612810908543e-08
1.288000000000000000e+03 9.845422823540263973e-06 2.713570027296791726e-08
1.390000000000000000e+03 9.769009616686842210e-06 2.594297344399875675e-08
1.492000000000000000e+03 9.803684516950177837e-06 2.511907865748790449e-08
1.594000000000000000e+03 9.837157109972881474e-06 2.437773339586699144e-08
1.696000000000000000e+03 9.790894038474670815e-06 2.341650670805783147e-08
1.799000000000000000e+03 9.768912393892871971e-06 2.279036211351871421e-08
1.901000000000000000e+03 9.762174448363861591e-06 2.216712509054959161e-08
2.003000000000000000e+03 9.781452410183800455e-06 2.163092793431307187e-08
2.106000000000000000e+03 9.740601135258795623e-06 2.091211694292674448e-08
2.208000000000000000e+03 9.735194027937570625e-06 2.049719936855869836e-08
2.310000000000000000e+03 9.735496863009128005e-06 2.004837709422696227e-08
2.412000000000000000e+03 9.745503445644504634e-06 1.964100632534461611e-08
2.514000000000000000e+03 9.776549358986806108e-06 1.930239710524827793e-08
2.616000000000000000e+03 9.720554610039939338e-06 1.872316623214823720e-08
2.719000000000000000e+03 9.742862072855167836e-06 1.849675050556084906e-08
2.821000000000000000e+03 9.744423804373966518e-06 1.815691441279406299e-08
2.923000000000000000e+03 9.741826085864375227e-06 1.783796582104954927e-08
3.025000000000000000e+03 9.760507661572359354e-06 1.756287456714118941e-08
3.128000000000000000e+03 9.728479329056083732e-06 1.713841164873074168e-08
3.230000000000000000e+03 9.720211956110560967e-06 1.693295612403116287e-08
3.332000000000000000e+03 9.743369656246882792e-06 1.670814998940792707e-08
3.434000000000000000e+03 9.704090206988040450e-06 1.639201038131062381e-08
3.536000000000000000e+03 9.728476104106775955e-06 1.612217766362013917e-08
3.639000000000000000e+03 9.762225137027943109e-06 1.601649127508526244e-08
3.741000000000000000e+03 9.712231408067366603e-06 1.571820221292423762e-08
3.843000000000000000e+03 9.718229245076217372e-06 1.552367298937240886e-08
3.945000000000000000e+03 9.716717762391209286e-06 1.531152083872206272e-08
4.048000000000000000e+03 9.733266737617040195e-06 1.507403126769573328e-08
4.150000000000000000e+03 9.687863492497291506e-06 1.488657253368841832e-08
4.252000000000000000e+03 9.704471282315968504e-06 1.473500697769416638e-08
4.354000000000000000e+03 9.667999025010526687e-06 1.450411180399126518e-08
4.456000000000000000e+03 9.623872203100760023e-06 1.420336479499268070e-08
4.559000000000000000e+03 9.596068954842306659e-06 1.407023602052664279e-08
4.661000000000000000e+03 9.552220217424642776e-06 1.385217779500309720e-08
4.763000000000000000e+03 9.511816484754466864e-06 1.364321613247877646e-08
4.865000000000000000e+03 9.477284711082906740e-06 1.345317691347008528e-08
4.968000000000000000e+03 9.460707389480007981e-06 1.322599593669092531e-08
5.070000000000000000e+03 9.373004218477028345e-06 1.302926896478241497e-08
5.172000000000000000e+03 9.343153748405174934e-06 1.286207954467552212e-08
5.274000000000000000e+03 9.299166091165831868e-06 1.267792373115354252e-08
5.376000000000000000e+03 9.250144254102543904e-06 1.249097548357005025e-08
5.478000000000000000e+03 9.237980128667700212e-06 1.229682962524979356e-08
5.581000000000000000e+03 9.176824187715215697e-06 1.215915362394957291e-08
5.683000000000000000e+03 9.128692829900593889e-06 1.198831463876196366e-08
5.785000000000000000e+03 9.143545794320942998e-06 1.190166968752711086e-08
5.888000000000000000e+03 9.069022635562714438e-06 1.164735110429314952e-08
5.990000000000000000e+03 9.042757620142487094e-06 1.156644289234987606e-08
6.092000000000000000e+03 9.039522226711624954e-06 1.146262252523801361e-08
