6.100000000000000000e+01 1.440586443434199543e-05 1.814541563799672688e-07
1.630000000000000000e+02 1.237571543583810451e-05 9.566446109865032110e-08
2.660000000000000000e+02 1.118581424879541362e-05 6.752195470662705129e-08
3.680000000000000000e+02 1.069703508765124058e-05 5.509783628611165790e-08
4.700000000000000000e+02 1.036121909042544475e-05 4.726768488314976574e-08
5.720000000000000000e+02 1.026240960654963767e-05 4.243554289200685298e-08
6.740000000000000000e+02 1.005157109270701691e-05 3.809026836538641399e-08
7.770000000000000000e+02 1.003857044247166865e-05 3.563739419686986916e-08
8.790000000000000000e+02 9.951218469932484687e-06 3.319791626661922763e-08
9.810000000000000000e+02 9.926164570625908167e-06 3.137834947909939787e-08
1.083000000000000000e+03 9.884077247267975067e-06 2.971486449601883584e-08
1.186000000000000000e+03 9.846867986072638398e-06 2.815093986625921426e-08
1.288000000000000000e+03 9.843331118521540067e-06 2.714645079145304560e-08
1.390000000000000000e+03 9.842716715180095698e-06 2.613148870713171580e-08
1.492000000000000000e+03 9.836413334201772404e-06 2.519436886773296208e-08
1.594000000000000000e+03 9.820297524686776578e-06 2.434154111487925685e-08
1.696000000000000000e+03 9.798216445341611665e-06 2.342968758112596027e-08
1.799000000000000000e+03 9.742741557620196457e-06 2.273465237404048807e-08
1.901000000000000000e+03 9.769456834128230758e-06 2.217945490232042760e-08
2.003000000000000000e+03 9.758849469705899727e-06 2.158336856387462099e-08
2.106000000000000000e+03 9.730311828258178140e-06 2.088442627161788354e-08
2.208000000000000000e+03 9.754244641966613855e-06 2.054885531989133736e-08
2.310000000000000000e+03 9.735130004056493044e-06 2.005195194482859938e-08
2.412000000000000000e+03 9.744017229854067487e-06 1.963195860672712912e-08
2.514000000000000000e+03 9.769899892157285839e-06 1.928893815145855518e-08
2.616000000000000000e+03 9.779726944338172878e-06 1.883811655820194206e-08
2.719000000000000000e+03 9.725208476905207501e-06 1.846268156805550140e-08
2.821000000000000000e+03 9.737365894351651964e-06 1.814414834213236460e-08
2.923000000000000000e+03 9.750201379713382448e-06 1.785487477126411927e-08
3.025000000000000000e+03 9.748089514965746068e-06 1.754591316891147137e-08
3.128000000000000000e+03 9.724013049697948155e-06 1.712839105888174528e-08
3.230000000000000000e+03 9.739521040916896831e-06 1.696152946393539895e-08
3.332000000000000000e+03 9.749132597721176503e-06 1.672342277879604825e-08
3.434000000000000000e+03 9.738646328219305033e-06 1.644660341395416067e-08
3.536000000000000000e+03 9.714427495792165549e-06 1.609785466323304728e-08
3.639000000000000000e+03 9.700485491959812538e-06 1.591715936990182974e-08
3.741000000000000000e+03 9.728614045923441602e-06 1.574644408513737274e-08
3.843000000000000000e+03 9.732253560729393698e-06 1.554118652227640888e-08
3.945000000000000000e+03 9.709024102218081443e-06 1.530437517320204452e-08
4.048000000000000000e+03 9.715278078215379583e-06 1.504238970965888224e-08
4.150000000000000000e+03 9.695272665318699958e-06 1.489767777790477862e-08
4.252000000000000000e+03 9.674567925452802735e-06 1.468980526904186758e-08
4.354000000000000000e+03 9.672482032746988377e-06 1.451390893361214426e-08
4.456000000000000000e+03 9.624626340688628869e-06 1.420205313336132149e-08
4.559000000000000000e+03 9.620358899456175864e-06 1.410332626755748213e-08
4.661000000000000000e+03 9.555811624675539139e-06 1.385685803378835338e-08
4.763000000000000000e+03 9.507603151912586022e-06 1.363951291096860049e-08
4.865000000000000000e+03 9.458479545203046470e-06 1.342405362670371175e-08
4.968000000000000000e+03 9.416950866145954013e-06 1.316576576851812299e-08
5.070000000000000000e+03 9.367209192535002276e-06 1.302316945744988519e-08
5.172000000000000000e+03 9.346317693272603478e-06 1.286742406641670854e-08
5.274000000000000000e+03 9.291648583881513811e-06 1.266365548801990793e-08
5.376000000000000000e+03 9.261381947074047422e-06 1.250790384071424434e-08
5.478000000000000000e+03 9.224716114339385527e-06 1.227862783490664708e-08
5.581000000000000000e+03 9.185452205044486730e-06 1.217358099613502916e-08
5.683000000000000000e+03 9.150369459574308616e-06 1.201347702964623550e-08
5.785000000000000000e+03 9.110555623314131618e-06 1.185866505868261755e-08
5.888000000000000000e+03 9.073649704464542226e-06 1.165320249936888126e-08
5.990000000000000000e+03 9.038571639268076915e-06 1.156035553114542442e-08
6.092000000000000000e+03 9.047900448994259290e-06 1.147432908485430617e-08
