6.100000000000000000e+01 1.456413847842187498e-05 1.827819498123130424e-07
1.630000000000000000e+02 1.241211457323591769e-05 9.582579843642010312e-08
2.660000000000000000e+02 1.115572631962398805e-05 6.727904901993224253e-08
3.680000000000000000e+02 1.072191789895341363e-05 5.525437376648496731e-08
4.700000000000000000e+02 1.041708935754894681e-05 4.747115819566678741e-08
5.720000000000000000e+02 1.016003852506261862e-05 4.206242112734756045e-08
6.740000000000000000e+02 1.004147304702638473e-05 3.803265825648401562e-08
7.770000000000000000e+02 9.989325796529137451e-06 3.546746243807406253e-08
8.790000000000000000e+02 1.000473562275213471e-05 3.337785910913690065e-08
9.810000000000000000e+02 9.872010829822732304e-06 3.118498899015281595e-08
1.083000000000000000e+03 9.886064795579166799e-06 2.973670884554792951e-08
1.186000000000000000e+03 9.927202197228209135e-06 2.838301459790830653e-08
1.288000000000000000e+03 9.841283243716154923e-06 2.713776996584057143e-08
1.390000000000000000e+03 9.818201596555981988e-06 2.605060997174444092e-08
1.492000000000000000e+03 9.798589801134149096e-06 2.510934793311220877e-08
1.594000000000000000e+03 9.834582270387739593e-06 2.438294665076229100e-08
1.696000000000000000e+03 9.866121021747175588e-06 2.359275411302135901e-08
1.799000000000000000e+03 9.828897575148723976e-06 2.293478074911460439e-08
1.901000000000000000e+03 9.778641656511614019e-06 2.220536320796469642e-08
2.003000000000000000e+03 9.770899392585221239e-06 2.161122043734732199e-08
2.106000000000000000e+03 9.767795263572007455e-06 2.096393895172872927e-08
2.208000000000000000e+03 9.773714334021412807e-06 2.058987334256760310e-08
2.310000000000000000e+03 9.750596762823755828e-06 2.008014422930608079e-08
2.412000000000000000e+03 9.755666736923831808e-06 1.965857759949151080e-08
2.514000000000000000e+03 9.752102886278236633e-06 1.926062904357880330e-08
2.616000000000000000e+03 9.760021500419755863e-06 1.878443122597834147e-08
2.719000000000000000e+03 9.769118143488242123e-06 1.855020982766041151e-08
2.821000000000000000e+03 9.769992009522525069e-06 1.820807085575391490e-08
2.923000000000000000e+03 9.749537016341869292e-06 1.785032144498064332e-08
3.025000000000000000e+03 9.754326836838221560e-06 1.755428032721942153e-08
3.128000000000000000e+03 9.752436352684908880e-06 1.718271048889128642e-08
3.230000000000000000e+03 9.719987032460168940e-06 1.693190069048310056e-08
3.332000000000000000e+03 9.750187221423580388e-06 1.671929065268538547e-08
3.434000000000000000e+03 9.735843531587625365e-06 1.644543710779202951e-08
3.536000000000000000e+03 9.762249497381812573e-06 1.617332195434548534e-08
3.639000000000000000e+03 9.722563578343363974e-06 1.595678634687448393e-08
3.741000000000000000e+03 9.728607825858076800e-06 1.574326138144373294e-08
3.843000000000000000e+03 9.726256029034110868e-06 1.553261004797626272e-08
3.945000000000000000e+03 9.736862799984227033e-06 1.534940856124480015e-08
4.048000000000000000e+03 9.717081989633949413e-06 1.504858815131299854e-08
4.150000000000000000e+03 9.720853205243538855e-06 1.493316896146753789e-08
4.252000000000000000e+03 9.692592515445390481e-06 1.471527636767078579e-08
4.354000000000000000e+03 9.669593149441218781e-06 1.451049898049699275e-08
4.456000000000000000e+03 9.655322201228882782e-06 1.424569605486355122e-08
4.559000000000000000e+03 9.603727211104076398e-06 1.408426600852750520e-08
4.661000000000000000e+03 9.605585251322453538e-06 1.392775763929081063e-08
4.763000000000000000e+03 9.537651982483752222e-06 1.368225430170759826e-08
4.865000000000000000e+03 9.501815506541242562e-06 1.348940656269339647e-08
4.968000000000000000e+03 9.450996339121836557e-06 1.320806698465602933e-08
5.070000000000000000e+03 9.402153651193804589e-06 1.307301775049600946e-08
5.172000000000000000e+03 9.344638500095357880e-06 1.286353861161508197e-08
5.274000000000000000e+03 9.307596542441535400e-06 1.268940854507367362e-08
5.376000000000000000e+03 9.269669464040868211e-06 1.251708971050591606e-08
5.478000000000000000e+03 9.219089217646368850e-06 1.227186502989315486e-08
5.581000000000000000e+03 9.191967455266918333e-06 1.217991759688265811e-08
5.683000000000000000e+03 9.160911967083241032e-06 1.203115489757007596e-08
5.785000000000000000e+03 9.119648042547850213e-06 1.187140628325595663e-08
5.888000000000000000e+03 9.081880064567626344e-06 1.165964130828877622e-08
5.990000000000000000e+03 9.063887815313256610e-06 1.159512110977115320e-08
6.092000000000000000e+03 9.077423995016077973e-06 1.151059197694455259e-08
