6.100000000000000000e+01 1.429723993252598258e-05 1.804963066161259445e-07
1.630000000000000000e+02 1.232798110992332895e-05 9.531576594050064989e-08
2.660000000000000000e+02 1.121013757213012794e-05 6.764112007263053598e-08
3.680000000000000000e+02 1.067994491080824951e-05 5.503370117032040795e-08
4.700000000000000000e+02 1.036136054685067375e-05 4.723249268826945287e-08
5.720000000000000000e+02 1.029369513811168569e-05 4.254092475930336179e-08
6.740000000000000000e+02 1.010107896720874046e-05 3.829397980845620338e-08
7.770000000000000000e+02 1.007118279326412602e-05 3.575253117387743645e-08
8.790000000000000000e+02 1.000513633142203407e-05 3.336862487191692085e-08
9.810000000000000000e+02 9.918167678377602238e-06 3.133040678747356122e-08
1.083000000000000000e+03 9.858314809596247619e-06 2.965689907732197801e-08
1.186000000000000000e+03 9.879485446405871887e-06 2.824453816981616042e-08
1.288000000000000000e+03 9.828827833682690220e-06 2.710561665734823156e-08
1.390000000000000000e+03 9.800500850484700129e-06 2.601013824927106648e-08
1.492000000000000000e+03 9.796221479815801149e-06 2.509646467744812771e-08
1.594000000000000000e+03 9.814215558219566919e-06 2.433441797556327711e-08
1.696000000000000000e+03 9.800649246695435166e-06 2.343123456467131639e-08
1.799000000000000000e+03 9.768914093476964208e-06 2.279192117973237884e-08
1.901000000000000000e+03 9.825893828146896978e-06 2.230953588721491965e-08
2.003000000000000000e+03 9.821269541614303697e-06 2.171837775880638331e-08
2.106000000000000000e+03 9.750636019311308939e-06 2.092839386931027449e-08
2.208000000000000000e+03 9.769887030809431470e-06 2.057832052746567392e-08
2.310000000000000000e+03 9.784091052814928912e-06 2.015724369563199638e-08
2.412000000000000000e+03 9.780510824825787753e-06 1.971169032653778407e-08
2.514000000000000000e+03 9.787688380989204142e-06 1.932398836475997621e-08
2.616000000000000000e+03 9.757687455632216603e-06 1.878846191652429516e-08
2.719000000000000000e+03 9.742310890777066540e-06 1.849309739200073682e-08
2.821000000000000000e+03 9.737629660282982877e-06 1.815210014164017261e-08
2.923000000000000000e+03 9.742433382076223926e-06 1.783888273367809198e-08
3.025000000000000000e+03 9.724164305648448200e-06 1.749777594520679884e-08
3.128000000000000000e+03 9.747559717763338416e-06 1.717032345084509298e-08
3.230000000000000000e+03 9.738328728158818283e-06 1.696239226284609183e-08
3.332000000000000000e+03 9.700843625257535820e-06 1.663466738795845017e-08
3.434000000000000000e+03 9.743933507443754312e-06 1.646349164222218809e-08
3.536000000000000000e+03 9.710440349323115077e-06 1.608416963624428646e-08
3.639000000000000000e+03 9.730832061386206593e-06 1.597116742676351306e-08
3.741000000000000000e+03 9.726016141197844588e-06 1.574109180534960660e-08
3.843000000000000000e+03 9.706380670246586023e-06 1.549882108575415940e-08
3.945000000000000000e+03 9.713337721313637416e-06 1.531059220700416470e-08
4.048000000000000000e+03 9.706236245321045396e-06 1.502751097119732318e-08
4.150000000000000000e+03 9.699421849167869859e-06 1.490534348202688277e-08
4.252000000000000000e+03 9.669884145229141819e-06 1.468215505935344338e-08
4.354000000000000000e+03 9.664265255841044227e-06 1.449774530525739129e-08
4.456000000000000000e+03 9.625921970646368617e-06 1.420826210887031240e-08
4.559000000000000000e+03 9.587796313863100730e-06 1.405767395265453708e-08
4.661000000000000000e+03 9.570231417368186812e-06 1.387817371465028951e-08
4.763000000000000000e+03 9.531415814767611646e-06 1.367134262728786667e-08
4.865000000000000000e+03 9.465011055698923292e-06 1.343410693241193647e-08
4.968000000000000000e+03 9.429715872034777992e-06 1.318184684090510632e-08
5.070000000000000000e+03 9.354338269174788814e-06 1.300723497315390358e-08
5.172000000000000000e+03 9.323415915734651780e-06 1.283719341202053888e-08
5.274000000000000000e+03 9.292947830435201788e-06 1.266400319775637132e-08
5.376000000000000000e+03 9.259781230304491131e-06 1.250576604708711688e-08
5.478000000000000000e+03 9.221705473767967501e-06 1.227416116764305821e-08
5.581000000000000000e+03 9.153968172068896916e-06 1.212912700550460878e-08
5.683000000000000000e+03 9.133891290413085555e-06 1.200147240899132531e-08
5.785000000000000000e+03 9.103525254283676926e-06 1.184640073635565764e-08
5.888000000000000000e+03 9.072372740795669248e-06 1.165120011161187922e-08
5.990000000000000000e+03 9.023583743905443802e-06 1.154244225824975638e-08
6.092000000000000000e+03 9.027619801288228280e-06 1.144632002598318216e-08
