6.100000000000000000e+01 1.453969359838010324e-05 1.830256715995062411e-07
1.630000000000000000e+02 1.212703742975112619e-05 9.366263873501735978e-08
2.660000000000000000e+02 1.113775670961220226e-05 6.713635142251517728e-08
3.680000000000000000e+02 1.064296345243953851e-05 5.483247762676383002e-08
4.700000000000000000e+02 1.045014291913066040e-05 4.760931328566526634e-08
5.720000000000000000e+02 1.016877851166919290e-05 4.205225932440747595e-08
6.740000000000000000e+02 1.003524817093444855e-05 3.806648841973065482e-08
7.770000000000000000e+02 9.997540175297320569e-06 3.546017856756531040e-08
8.790000000000000000e+02 1.000842928243124892e-05 3.338999669055939477e-08
9.810000000000000000e+02 9.936253093362385307e-06 3.138514785487124126e-08
1.083000000000000000e+03 9.873072963780796493e-06 2.968894535920183207e-08
1.186000000000000000e+03 9.883558316466149019e-06 2.827101414638472694e-08
1.288000000000000000e+03 9.812825906997825189e-06 2.705500956629552950e-08
1.390000000000000000e+03 9.908784511565455621e-06 2.630569681608134409e-08
1.492000000000000000e+03 9.839490413398669014e-06 2.521196462351496770e-08
1.594000000000000000e+03 9.790577914028795781e-06 2.426721323886219255e-08
1.696000000000000000e+03 9.817600208709076419e-06 2.348158099415726620e-08
1.799000000000000000e+03 9.771287094835691100e-06 2.280010941076898910e-08
1.901000000000000000e+03 9.763913647396243575e-06 2.216691609854696192e-08
2.003000000000000000e+03 9.780071632547349491e-06 2.162376518248782232e-08
2.106000000000000000e+03 9.741847870372224243e-06 2.091643295799820624e-08
2.208000000000000000e+03 9.731377313568754552e-06 2.050649867340766890e-08
2.310000000000000000e+03 9.777363214763297331e-06 2.012670659364864383e-08
2.412000000000000000e+03 9.738148536089546499e-06 1.963252450693919514e-08
2.514000000000000000e+03 9.783541700077173677e-06 1.931129023714506475e-08
2.616000000000000000e+03 9.761008441725617374e-06 1.879846044600720846e-08
2.719000000000000000e+03 9.725376629619921303e-06 1.846136045571617100e-08
2.821000000000000000e+03 9.755116542639546371e-06 1.817929285413979254e-08
2.923000000000000000e+03 9.756382814324864248e-06 1.786402236636847829e-08
3.025000000000000000e+03 9.756226420360827978e-06 1.756390241847263017e-08
3.128000000000000000e+03 9.730303918247075126e-06 1.713984158752291261e-08
3.230000000000000000e+03 9.724255384421574388e-06 1.693353506540108671e-08
3.332000000000000000e+03 9.790560515012816387e-06 1.679188021530146882e-08
3.434000000000000000e+03 9.741346979541287585e-06 1.645321088086732026e-08
3.536000000000000000e+03 9.716741035463680615e-06 1.610085206059343049e-08
3.639000000000000000e+03 9.707814475738806416e-06 1.593206802757911003e-08
3.741000000000000000e+03 9.733695400475816435e-06 1.575056082836097472e-08
3.843000000000000000e+03 9.713800566902144938e-06 1.551138260149805578e-08
3.945000000000000000e+03 9.718542422435461479e-06 1.531982215592502153e-08
4.048000000000000000e+03 9.729747400619891945e-06 1.506575081147109326e-08
4.150000000000000000e+03 9.707286179981761321e-06 1.491601890309377834e-08
4.252000000000000000e+03 9.697664170227945636e-06 1.472578925676713196e-08
4.354000000000000000e+03 9.656249756117356886e-06 1.448684659956408081e-08
4.456000000000000000e+03 9.631312109640434197e-06 1.421063910688949279e-08
4.559000000000000000e+03 9.620176712903427593e-06 1.410765128950181511e-08
4.661000000000000000e+03 9.539938182670539804e-06 1.383397999035198560e-08
4.763000000000000000e+03 9.514656488017865049e-06 1.364798776140012818e-08
4.865000000000000000e+03 9.464394444992588076e-06 1.343530614028582251e-08
4.968000000000000000e+03 9.426898356656267442e-06 1.317471988038851273e-08
5.070000000000000000e+03 9.379541382924567084e-06 1.304243901247640942e-08
5.172000000000000000e+03 9.337360367463428318e-06 1.285369149620846687e-08
5.274000000000000000e+03 9.311224174327959848e-06 1.269430251979045318e-08
5.376000000000000000e+03 9.252487746840394061e-06 1.249293168551254319e-08
5.478000000000000000e+03 9.224331444208477742e-06 1.227960522530913402e-08
5.581000000000000000e+03 9.196112546696712036e-06 1.218499904559687305e-08
5.683000000000000000e+03 9.159789008607899341e-06 1.203161101249973457e-08
5.785000000000000000e+03 9.089484153240196069e-06 1.183038294370313676e-08
5.888000000000000000e+03 9.087045528229472629e-06 1.166736569929617712e-08
5.990000000000000000e+03 9.049913511089324649e-06 1.157725602053946760e-08
6.092000000000000000e+03 9.056220796595184061e-06 1.148265179597597560e-08
