6.100000000000000000e+01 1.099468290125751884e-05 1.375628527631985411e-07
1.630000000000000000e+02 8.641231687734973684e-06 6.692823615778206607e-08
2.660000000000000000e+02 7.693727608616916024e-06 4.642956176354939506e-08
3.680000000000000000e+02 6.906443217319423773e-06 3.556978373521443434e-08
4.700000000000000000e+02 6.608877800994408518e-06 3.016004182289168430e-08
5.720000000000000000e+02 6.336249074451708621e-06 2.617609385549302842e-08
6.740000000000000000e+02 6.189554519114657637e-06 2.346643628163883531e-08
7.770000000000000000e+02 6.074600352842063239e-06 2.157176073462012023e-08
8.790000000000000000e+02 6.034242658361757734e-06 2.012469398880063785e-08
9.810000000000000000e+02 5.941374757752649126e-06 1.877961440612717454e-08
1.083000000000000000e+03 5.918900728591303836e-06 1.779454669465421720e-08
1.186000000000000000e+03 5.863958385792165771e-06 1.677232331682840894e-08
1.288000000000000000e+03 5.847787385630441989e-06 1.612438858033953889e-08
1.390000000000000000e+03 5.832686553528028377e-06 1.548276284243980916e-08
1.492000000000000000e+03 5.819565477089823783e-06 1.491226444313945388e-08
1.594000000000000000e+03 5.788509559181392303e-06 1.434938589546344927e-08
1.696000000000000000e+03 5.770962783628205888e-06 1.379693233462702550e-08
1.799000000000000000e+03 5.728269958316021575e-06 1.337136644263713097e-08
1.901000000000000000e+03 5.739838238532573328e-06 1.302218976735621051e-08
2.003000000000000000e+03 5.739787427356262804e-06 1.269727349614491877e-08
2.106000000000000000e+03 5.739761713584304510e-06 1.232017240680921929e-08
2.208000000000000000e+03 5.723005125842740975e-06 1.205710017188255491e-08
2.310000000000000000e+03 5.696407158580996971e-06 1.172715489921751970e-08
2.412000000000000000e+03 5.705494584619832973e-06 1.150056967590605851e-08
2.514000000000000000e+03 5.706173189618669201e-06 1.126718140253083270e-08
2.616000000000000000e+03 5.700684639548045752e-06 1.097601854186159522e-08
2.719000000000000000e+03 5.673066216219554541e-06 1.077041024770050811e-08
2.821000000000000000e+03 5.707594828811673214e-06 1.063765228778873864e-08
2.923000000000000000e+03 5.684725272547177518e-06 1.040752550611631133e-08
3.025000000000000000e+03 5.682796507503928031e-06 1.022871044030931574e-08
3.128000000000000000e+03 5.686477138020082698e-06 1.001714667375833207e-08
3.230000000000000000e+03 5.673388286965038863e-06 9.882580002098869897e-09
3.332000000000000000e+03 5.692575977380517616e-06 9.764174898173691202e-09
3.434000000000000000e+03 5.703809402772533369e-06 9.634365496173718403e-09
3.536000000000000000e+03 5.681283356057034440e-06 9.411407881042375307e-09
3.639000000000000000e+03 5.682526221171021404e-06 9.324434933746289897e-09
3.741000000000000000e+03 5.675407111115165960e-06 9.185974241986186113e-09
3.843000000000000000e+03 5.653742849674264140e-06 9.030385150612517299e-09
3.945000000000000000e+03 5.674568477564096577e-06 8.941287912127714752e-09
4.048000000000000000e+03 5.655822534245994380e-06 8.759858321134467813e-09
4.150000000000000000e+03 5.649990794522255494e-06 8.681634005547323376e-09
4.252000000000000000e+03 5.642286056431543370e-06 8.565712444742460438e-09
4.354000000000000000e+03 5.623786194418709508e-06 8.440064189054956657e-09
4.456000000000000000e+03 5.595467632047082693e-06 8.257551481726883316e-09
4.559000000000000000e+03 5.604554673586884452e-06 8.215352428762963426e-09
4.661000000000000000e+03 5.559478571518923056e-06 8.061852385941950274e-09
4.763000000000000000e+03 5.521818211092823274e-06 7.918699403087737612e-09
4.865000000000000000e+03 5.509501689907474704e-06 7.822090847178265748e-09
4.968000000000000000e+03 5.491629877501450207e-06 7.678352742606603549e-09
5.070000000000000000e+03 5.461321021873405782e-06 7.593915506261884196e-09
5.172000000000000000e+03 5.427670757223311180e-06 7.470965301077139757e-09
5.274000000000000000e+03 5.414689405618913859e-06 7.381447615700308692e-09
5.376000000000000000e+03 5.375849153808463465e-06 7.258357812923933034e-09
5.478000000000000000e+03 5.356441311403719312e-06 7.129462446443846180e-09
5.581000000000000000e+03 5.332071345830011690e-06 7.066243215800961204e-09
5.683000000000000000e+03 5.315770837441319391e-06 6.981571559571237376e-09
5.785000000000000000e+03 5.287097408117333204e-06 6.882243453716399108e-09
5.888000000000000000e+03 5.272510324920000275e-06 6.769911829409316867e-09
5.990000000000000000e+03 5.242528470507121520e-06 6.705844044563554490e-09
6.092000000000000000e+03 5.257083743813414243e-06 6.666708802060382061e-09
