6.100000000000000000e+01 1.095888327368664134e-05 1.374155668136215524e-07
1.630000000000000000e+02 8.841607628465920118e-06 6.837600214434149184e-08
2.660000000000000000e+02 7.697535932581959809e-06 4.644845099301660535e-08
3.680000000000000000e+02 6.964928697685729317e-06 3.588284066509835642e-08
4.700000000000000000e+02 6.652720537860371301e-06 3.035969139237798671e-08
5.720000000000000000e+02 6.371568620161968159e-06 2.635420922894103408e-08
6.740000000000000000e+02 6.196669401744372307e-06 2.346347481253324762e-08
7.770000000000000000e+02 6.108180523959281744e-06 2.168886658464841492e-08
8.790000000000000000e+02 6.029005659564977423e-06 2.010714080111869018e-08
9.810000000000000000e+02 6.006469931479358271e-06 1.897656131450255988e-08
1.083000000000000000e+03 5.979880462173286613e-06 1.798404500953494588e-08
1.186000000000000000e+03 5.902686179817795263e-06 1.688176690915392017e-08
1.288000000000000000e+03 5.859519837161816578e-06 1.616075151033062239e-08
1.390000000000000000e+03 5.862632258251386157e-06 1.555790618124537628e-08
1.492000000000000000e+03 5.818725954646397735e-06 1.490879120892876386e-08
1.594000000000000000e+03 5.795562762276068641e-06 1.436814639989972126e-08
1.696000000000000000e+03 5.785299426849419613e-06 1.383994887420176576e-08
1.799000000000000000e+03 5.777264580775452300e-06 1.347228534107756233e-08
1.901000000000000000e+03 5.764543437882214833e-06 1.308641089452911260e-08
2.003000000000000000e+03 5.766009599828638067e-06 1.275270648349574254e-08
2.106000000000000000e+03 5.747418038613893713e-06 1.233476875131511048e-08
2.208000000000000000e+03 5.751350236548381845e-06 1.211400829284326095e-08
2.310000000000000000e+03 5.727126111446443260e-06 1.179580105876685435e-08
2.412000000000000000e+03 5.732031938399646184e-06 1.155279169310299690e-08
2.514000000000000000e+03 5.736840827978729465e-06 1.132341066073215486e-08
2.616000000000000000e+03 5.726245089377078627e-06 1.102854962668539520e-08
2.719000000000000000e+03 5.715284284297036982e-06 1.084864885631934866e-08
2.821000000000000000e+03 5.725752863713881160e-06 1.067363448986957805e-08
2.923000000000000000e+03 5.734613484503303916e-06 1.049879357578666551e-08
3.025000000000000000e+03 5.701160467246356567e-06 1.025892237134430248e-08
3.128000000000000000e+03 5.718513988706765025e-06 1.007484181226971735e-08
3.230000000000000000e+03 5.697464920535015542e-06 9.921042526694270080e-09
3.332000000000000000e+03 5.701861592007163360e-06 9.780556599433911643e-09
3.434000000000000000e+03 5.702738153893836031e-06 9.633799187101209521e-09
3.536000000000000000e+03 5.709972206328026788e-06 9.458267396471715951e-09
3.639000000000000000e+03 5.696740473329849649e-06 9.348551372854250857e-09
3.741000000000000000e+03 5.692182813438611997e-06 9.213907030521799060e-09
3.843000000000000000e+03 5.679639720873744017e-06 9.068944512847180840e-09
3.945000000000000000e+03 5.683237934458532634e-06 8.957394725262645642e-09
4.048000000000000000e+03 5.673386342913823587e-06 8.786540879610317621e-09
4.150000000000000000e+03 5.662727144669192670e-06 8.701116471451396774e-09
4.252000000000000000e+03 5.667213865788762514e-06 8.602995893203695184e-09
4.354000000000000000e+03 5.640948633336353589e-06 8.464945859916008058e-09
4.456000000000000000e+03 5.623111696653123888e-06 8.296766977189070159e-09
4.559000000000000000e+03 5.594082639912272020e-06 8.203015545098107732e-09
4.661000000000000000e+03 5.591677325879579326e-06 8.107463150574191364e-09
4.763000000000000000e+03 5.558533881714915919e-06 7.975023174357517869e-09
4.865000000000000000e+03 5.537276560745455067e-06 7.860309209422300077e-09
4.968000000000000000e+03 5.505454089347957599e-06 7.694349487233100714e-09
5.070000000000000000e+03 5.468665964216502081e-06 7.603583516462743144e-09
5.172000000000000000e+03 5.455663872530570791e-06 7.510340231544332483e-09
5.274000000000000000e+03 5.409093739687771975e-06 7.375046499393817857e-09
5.376000000000000000e+03 5.398433243543644643e-06 7.288889983834116926e-09
5.478000000000000000e+03 5.384407360410749229e-06 7.167551186264868688e-09
5.581000000000000000e+03 5.352725424271576887e-06 7.092814875633693490e-09
5.683000000000000000e+03 5.334188041995474442e-06 7.005321153541770987e-09
5.785000000000000000e+03 5.326502445289749675e-06 6.933192292710733100e-09
5.888000000000000000e+03 5.294136363385008383e-06 6.798729497529436502e-09
5.990000000000000000e+03 5.284982147641090379e-06 6.758630001224401694e-09
6.092000000000000000e+03 5.283831939938416843e-06 6.700748187968843993e-09
