6.100000000000000000e+01 1.089304714388008010e-05 1.364186403494172538e-07
1.630000000000000000e+02 8.759051840269243316e-06 6.786377864030970600e-08
2.660000000000000000e+02 7.638732359135872116e-06 4.618015535135442188e-08
3.680000000000000000e+02 6.944021558166291611e-06 3.575950744104520068e-08
4.700000000000000000e+02 6.577907530088240661e-06 3.001120828908032431e-08
5.720000000000000000e+02 6.329490835409774237e-06 2.618615038099409142e-08
6.740000000000000000e+02 6.154315717606046822e-06 2.332959323111117322e-08
7.770000000000000000e+02 6.043422278413358165e-06 2.143715665645361330e-08
8.790000000000000000e+02 5.992232211061376904e-06 2.000692146901402092e-08
9.810000000000000000e+02 5.928813684163407874e-06 1.872602087676972448e-08
1.083000000000000000e+03 5.890189871052960894e-06 1.771255082153769561e-08
1.186000000000000000e+03 5.862381324834427821e-06 1.676172285047023892e-08
1.288000000000000000e+03 5.839624529824379369e-06 1.609816482989873032e-08
1.390000000000000000e+03 5.810319001182143299e-06 1.542442364475910926e-08
1.492000000000000000e+03 5.795215657538776009e-06 1.484370881434427657e-08
1.594000000000000000e+03 5.768366017318671987e-06 1.430484015255558861e-08
1.696000000000000000e+03 5.776819791469892175e-06 1.380932123652648226e-08
1.799000000000000000e+03 5.755168633455714322e-06 1.342898352113595064e-08
1.901000000000000000e+03 5.726246979259086805e-06 1.300075773123014672e-08
2.003000000000000000e+03 5.728734500983720446e-06 1.266488818476636591e-08
2.106000000000000000e+03 5.716179696189230171e-06 1.227121703120568393e-08
2.208000000000000000e+03 5.721905630836667487e-06 1.205304566246523393e-08
2.310000000000000000e+03 5.711681385958497835e-06 1.176465022569446731e-08
2.412000000000000000e+03 5.691907477750715559e-06 1.146925712951411782e-08
2.514000000000000000e+03 5.705848745193204585e-06 1.126719613292111725e-08
2.616000000000000000e+03 5.701328906421735568e-06 1.097835122685545112e-08
2.719000000000000000e+03 5.694931749085855438e-06 1.081291356704707939e-08
2.821000000000000000e+03 5.694490619555085494e-06 1.061379281355154950e-08
2.923000000000000000e+03 5.675187266227954003e-06 1.038840576767849702e-08
3.025000000000000000e+03 5.655188309998282034e-06 1.017675031381189680e-08
3.128000000000000000e+03 5.677258637699969851e-06 1.000072412539677688e-08
3.230000000000000000e+03 5.664177973658045021e-06 9.864542451944395452e-09
3.332000000000000000e+03 5.649955116012309435e-06 9.690414163100537387e-09
3.434000000000000000e+03 5.680961054166243638e-06 9.597580278941250037e-09
3.536000000000000000e+03 5.658309709676598125e-06 9.374447160029417222e-09
3.639000000000000000e+03 5.661334456560484199e-06 9.288759270594275856e-09
3.741000000000000000e+03 5.642533379712949998e-06 9.133128192271880792e-09
3.843000000000000000e+03 5.655351421625821777e-06 9.031278618458875578e-09
3.945000000000000000e+03 5.661581831426939316e-06 8.923506101647608876e-09
4.048000000000000000e+03 5.643012296241027184e-06 8.739869165107232628e-09
4.150000000000000000e+03 5.629884632237100013e-06 8.649309176649026667e-09
4.252000000000000000e+03 5.621139551405225075e-06 8.534243627820383975e-09
4.354000000000000000e+03 5.613389972425965198e-06 8.422128909743147655e-09
4.456000000000000000e+03 5.588860765479197721e-06 8.249759600916688723e-09
4.559000000000000000e+03 5.587589392688117853e-06 8.191818573256304414e-09
4.661000000000000000e+03 5.527868273192079592e-06 8.016149850004269314e-09
4.763000000000000000e+03 5.534964068817629938e-06 7.940581272464909682e-09
4.865000000000000000e+03 5.489060915339524140e-06 7.789744002624233863e-09
4.968000000000000000e+03 5.456383165881988084e-06 7.628982136957257760e-09
5.070000000000000000e+03 5.434405225182208446e-06 7.554992614666562204e-09
5.172000000000000000e+03 5.435776159707511510e-06 7.482762091558354013e-09
5.274000000000000000e+03 5.408279210437780646e-06 7.373277262560881481e-09
5.376000000000000000e+03 5.361458974921164296e-06 7.238779006205514942e-09
5.478000000000000000e+03 5.347764523202523056e-06 7.118492400836337743e-09
5.581000000000000000e+03 5.324379765336887427e-06 7.056298271018055093e-09
5.683000000000000000e+03 5.304437599955313513e-06 6.966545842004211243e-09
5.785000000000000000e+03 5.279337656799570956e-06 6.871591766976166487e-09
5.888000000000000000e+03 5.260056445785729065e-06 6.754184522530696436e-09
5.990000000000000000e+03 5.230263007091992741e-06 6.690458522367325666e-09
6.092000000000000000e+03 5.252685210177255245e-06 6.660991009196401813e-09
