6.100000000000000000e+01 1.080561910092100494e-05 1.355224333752292130e-07
1.630000000000000000e+02 8.780876916580025908e-06 6.796812787571914837e-08
2.660000000000000000e+02 7.601945242221778226e-06 4.589288468815102886e-08
3.680000000000000000e+02 6.887240439548910960e-06 3.552921858350520488e-08
4.700000000000000000e+02 6.591425926281318628e-06 3.004238555334470639e-08
5.720000000000000000e+02 6.311070803859586492e-06 2.610416027692545585e-08
6.740000000000000000e+02 6.151566902339868693e-06 2.332178727823788594e-08
7.770000000000000000e+02 6.074999388709273381e-06 2.155673918052655238e-08
8.790000000000000000e+02 5.972917869377974414e-06 1.993938627184527976e-08
9.810000000000000000e+02 5.980032470654200570e-06 1.889291927316898889e-08
1.083000000000000000e+03 5.881656782503983843e-06 1.768442265518531530e-08
1.186000000000000000e+03 5.862190062315161602e-06 1.676882409535442926e-08
1.288000000000000000e+03 5.850226660029006700e-06 1.613221545462681671e-08
1.390000000000000000e+03 5.825231218331468657e-06 1.545800556858580815e-08
1.492000000000000000e+03 5.783382343062148057e-06 1.481923666620148577e-08
1.594000000000000000e+03 5.787625369355951502e-06 1.434870365906409028e-08
1.696000000000000000e+03 5.781472689260576949e-06 1.382473703369520416e-08
1.799000000000000000e+03 5.739201207947776371e-06 1.339400742074632147e-08
1.901000000000000000e+03 5.761333633019993932e-06 1.307640395030615740e-08
2.003000000000000000e+03 5.742663716358566172e-06 1.269993951943872799e-08
2.106000000000000000e+03 5.740202463491644019e-06 1.232234502433547020e-08
2.208000000000000000e+03 5.727095475415498858e-06 1.206490303354132319e-08
2.310000000000000000e+03 5.694728400930045967e-06 1.172908305540989307e-08
2.412000000000000000e+03 5.712687207046550631e-06 1.151425818878265432e-08
2.514000000000000000e+03 5.688580807032838187e-06 1.123143950409246542e-08
2.616000000000000000e+03 5.683880401854277902e-06 1.094520476384223690e-08
2.719000000000000000e+03 5.680618237602031485e-06 1.078298935403038667e-08
2.821000000000000000e+03 5.678303130295279540e-06 1.058248718161194689e-08
2.923000000000000000e+03 5.660953919015103352e-06 1.036202078316544559e-08
3.025000000000000000e+03 5.675937348858510776e-06 1.021760925711133584e-08
3.128000000000000000e+03 5.666559931201664682e-06 9.982792113313858112e-09
3.230000000000000000e+03 5.662528284694400256e-06 9.862171527150029090e-09
3.332000000000000000e+03 5.652147431944974795e-06 9.692863637434400118e-09
3.434000000000000000e+03 5.659930447770919228e-06 9.560265429674619224e-09
3.536000000000000000e+03 5.666182968740817668e-06 9.386653425587763836e-09
3.639000000000000000e+03 5.669541904111445881e-06 9.303584913658599993e-09
3.741000000000000000e+03 5.644431852124101802e-06 9.137206470135529737e-09
3.843000000000000000e+03 5.652209335271671786e-06 9.026242096902571215e-09
3.945000000000000000e+03 5.658724432762372249e-06 8.917560496853242533e-09
4.048000000000000000e+03 5.647023763994671859e-06 8.746067212628396951e-09
4.150000000000000000e+03 5.622202015064068237e-06 8.639167039822670784e-09
4.252000000000000000e+03 5.618967317923099719e-06 8.528267035030418414e-09
4.354000000000000000e+03 5.609385045715651245e-06 8.418747642427474770e-09
4.456000000000000000e+03 5.604361858307402228e-06 8.270163557036933627e-09
4.559000000000000000e+03 5.574929507885196200e-06 8.175093382231284037e-09
4.661000000000000000e+03 5.549140782207202757e-06 8.047047097224755429e-09
4.763000000000000000e+03 5.531543453624291523e-06 7.935313022116735110e-09
4.865000000000000000e+03 5.517459737807624806e-06 7.830516603472072956e-09
4.968000000000000000e+03 5.468069348476374279e-06 7.643821015330447333e-09
5.070000000000000000e+03 5.443108666063487150e-06 7.567218858723485099e-09
5.172000000000000000e+03 5.429634194015967228e-06 7.475370912616094061e-09
5.274000000000000000e+03 5.392809596799269537e-06 7.350533346030180001e-09
5.376000000000000000e+03 5.376580674561497608e-06 7.260224620809545414e-09
5.478000000000000000e+03 5.344149996063060642e-06 7.112732031436303026e-09
5.581000000000000000e+03 5.327360948378940754e-06 7.060215271135894000e-09
5.683000000000000000e+03 5.292569592782056805e-06 6.951153060642771772e-09
5.785000000000000000e+03 5.280531235817814973e-06 6.873237254474201000e-09
5.888000000000000000e+03 5.260281159366074305e-06 6.754538917186793344e-09
5.990000000000000000e+03 5.246633171364412241e-06 6.712697117662085857e-09
6.092000000000000000e+03 5.250389881068375661e-06 6.656179316209893107e-09
