6.100000000000000000e+01 1.111397770667549780e-05 1.391656667336218494e-07
1.630000000000000000e+02 8.684766417265989407e-06 6.728289186825364650e-08
2.660000000000000000e+02 7.581198835242397589e-06 4.580793861768097823e-08
3.680000000000000000e+02 6.892582427122479030e-06 3.548706892594428419e-08
4.700000000000000000e+02 6.614277057393470974e-06 3.018349954879811578e-08
5.720000000000000000e+02 6.324064435136753461e-06 2.617021705123094661e-08
6.740000000000000000e+02 6.211391730962917018e-06 2.352556244088192062e-08
7.770000000000000000e+02 6.058121786175127139e-06 2.149722533582487259e-08
8.790000000000000000e+02 6.011137582730272939e-06 2.006133889567621174e-08
9.810000000000000000e+02 5.944166006675263473e-06 1.877020117863614818e-08
1.083000000000000000e+03 5.904563600895239567e-06 1.776534043996556539e-08
1.186000000000000000e+03 5.846143264121228254e-06 1.671089793108876153e-08
1.288000000000000000e+03 5.851063980854516453e-06 1.613311792325940476e-08
1.390000000000000000e+03 5.787672676988291854e-06 1.535984905095581936e-08
1.492000000000000000e+03 5.804231409130544040e-06 1.487741985320373219e-08
1.594000000000000000e+03 5.758285429146244444e-06 1.427768710472251148e-08
1.696000000000000000e+03 5.776400155264041460e-06 1.380869727061959936e-08
1.799000000000000000e+03 5.740548714308682341e-06 1.339570778353059327e-08
1.901000000000000000e+03 5.742693356739859693e-06 1.303720887301170881e-08
2.003000000000000000e+03 5.726132620059164687e-06 1.266245272059196143e-08
2.106000000000000000e+03 5.729218549235731364e-06 1.230066731108207641e-08
2.208000000000000000e+03 5.730921072701239776e-06 1.207488506478042997e-08
2.310000000000000000e+03 5.714613004303722769e-06 1.176635910827736273e-08
2.412000000000000000e+03 5.703515810361949959e-06 1.149310785042690250e-08
2.514000000000000000e+03 5.694710994448060679e-06 1.124927061173304637e-08
2.616000000000000000e+03 5.664337132358709708e-06 1.090473117235133025e-08
2.719000000000000000e+03 5.696904528234062255e-06 1.081649424796758937e-08
2.821000000000000000e+03 5.679510133190255266e-06 1.058621012600557455e-08
2.923000000000000000e+03 5.664262939953506312e-06 1.037246338492765154e-08
3.025000000000000000e+03 5.682301228997036985e-06 1.022372120676334291e-08
3.128000000000000000e+03 5.691709353688595870e-06 1.002685400090346569e-08
3.230000000000000000e+03 5.685149965515190725e-06 9.900500853524875649e-09
3.332000000000000000e+03 5.645086275243817415e-06 9.681341654156201762e-09
3.434000000000000000e+03 5.652415861893923124e-06 9.548857741864880666e-09
3.536000000000000000e+03 5.647498790608161806e-06 9.354475468890602346e-09
3.639000000000000000e+03 5.677424047799314223e-06 9.317382961604730687e-09
3.741000000000000000e+03 5.660061782937699235e-06 9.161446189614998941e-09
3.843000000000000000e+03 5.665521833330881679e-06 9.047267080389182838e-09
3.945000000000000000e+03 5.650901675535925169e-06 8.906663061027898382e-09
4.048000000000000000e+03 5.621910122041673590e-06 8.705554967596692494e-09
4.150000000000000000e+03 5.642181857932555848e-06 8.670455062895689020e-09
4.252000000000000000e+03 5.638129639188884863e-06 8.561732039191448274e-09
4.354000000000000000e+03 5.611708652173717599e-06 8.417936207179510008e-09
4.456000000000000000e+03 5.599617237019764971e-06 8.262972117919199033e-09
4.559000000000000000e+03 5.584498035991725898e-06 8.187987981294074508e-09
4.661000000000000000e+03 5.559395189262749511e-06 8.062032813475250482e-09
4.763000000000000000e+03 5.524891338798303941e-06 7.924249876917580199e-09
4.865000000000000000e+03 5.513909510085849154e-06 7.829525018303685927e-09
4.968000000000000000e+03 5.467570323602416598e-06 7.639690849649966089e-09
5.070000000000000000e+03 5.454918237686880241e-06 7.584734035657232646e-09
5.172000000000000000e+03 5.419968508885103155e-06 7.463342525203546789e-09
5.274000000000000000e+03 5.394976773961826597e-06 7.353319560749020008e-09
5.376000000000000000e+03 5.385575490602649092e-06 7.271288165724871623e-09
5.478000000000000000e+03 5.355735085021451458e-06 7.129100120017807376e-09
5.581000000000000000e+03 5.317392911902392819e-06 7.046498324556280777e-09
5.683000000000000000e+03 5.311661810719145861e-06 6.976114496938284436e-09
5.785000000000000000e+03 5.282358683925727146e-06 6.875547985490206175e-09
5.888000000000000000e+03 5.265453610468991015e-06 6.761227044591211267e-09
5.990000000000000000e+03 5.247692168478989645e-06 6.714587395942615475e-09
6.092000000000000000e+03 5.255819395625252496e-06 6.663827063393792462e-09
