6.100000000000000000e+01 1.089278869359761021e-05 1.359183201740621035e-07
1.630000000000000000e+02 8.830612689451223312e-06 6.854135960859351347e-08
2.660000000000000000e+02 7.694164502921651617e-06 4.632348954041980954e-08
3.680000000000000000e+02 6.959648370580775079e-06 3.587673815035926703e-08
4.700000000000000000e+02 6.565091286187725357e-06 2.994410841066431170e-08
5.720000000000000000e+02 6.332869321527191567e-06 2.616259639542511663e-08
6.740000000000000000e+02 6.193170064190562179e-06 2.348072164465605431e-08
7.770000000000000000e+02 6.080889483206298847e-06 2.158613763350972492e-08
8.790000000000000000e+02 6.010304993635027039e-06 2.005282100385167072e-08
9.810000000000000000e+02 5.951943497791215439e-06 1.879742719410627199e-08
1.083000000000000000e+03 5.873145023859204060e-06 1.766364294902965069e-08
1.186000000000000000e+03 5.855859355521305756e-06 1.674448068665055259e-08
1.288000000000000000e+03 5.852155597275950870e-06 1.614129065084944459e-08
1.390000000000000000e+03 5.787497635250654903e-06 1.536563626256459964e-08
1.492000000000000000e+03 5.782947234463246730e-06 1.481130336634579300e-08
1.594000000000000000e+03 5.775481599864503712e-06 1.431957359227320820e-08
1.696000000000000000e+03 5.757063218485238590e-06 1.376466877981803033e-08
1.799000000000000000e+03 5.754580504101167430e-06 1.342972849228209019e-08
1.901000000000000000e+03 5.722217416429727449e-06 1.299129577445852416e-08
2.003000000000000000e+03 5.736274847902502971e-06 1.268293862215276908e-08
2.106000000000000000e+03 5.703985844033785435e-06 1.225041909926882538e-08
2.208000000000000000e+03 5.733276716254885392e-06 1.207622704601761222e-08
2.310000000000000000e+03 5.737207379423366207e-06 1.181488433279247665e-08
2.412000000000000000e+03 5.714283138994594664e-06 1.151408672729544407e-08
2.514000000000000000e+03 5.699384298884506127e-06 1.125326827426257409e-08
2.616000000000000000e+03 5.692561809949466533e-06 1.096148988698681645e-08
2.719000000000000000e+03 5.701034706836311662e-06 1.082296482056944477e-08
2.821000000000000000e+03 5.676312009311083034e-06 1.058221903380181464e-08
2.923000000000000000e+03 5.681320717996772922e-06 1.040097013825391573e-08
3.025000000000000000e+03 5.688234449524869836e-06 1.023756724832305239e-08
3.128000000000000000e+03 5.676771269760189492e-06 9.998177195098039843e-09
3.230000000000000000e+03 5.666471057279394896e-06 9.870728634858285052e-09
3.332000000000000000e+03 5.665902376626548129e-06 9.716154260947041719e-09
3.434000000000000000e+03 5.673530712022363785e-06 9.585129862972025369e-09
3.536000000000000000e+03 5.661639628963209763e-06 9.379858683604944332e-09
3.639000000000000000e+03 5.649250203578877722e-06 9.270799529686257893e-09
3.741000000000000000e+03 5.651017753740672823e-06 9.143187784329269948e-09
3.843000000000000000e+03 5.666823097677937147e-06 9.052135475197193587e-09
3.945000000000000000e+03 5.668283879577375853e-06 8.934051280659905763e-09
4.048000000000000000e+03 5.667467691225061056e-06 8.777004124597675747e-09
4.150000000000000000e+03 5.648261223668272822e-06 8.677829379851615933e-09
4.252000000000000000e+03 5.619702935507387044e-06 8.532761327802960876e-09
4.354000000000000000e+03 5.618705477784147900e-06 8.429229662459505738e-09
4.456000000000000000e+03 5.598864465046170958e-06 8.262903140529752109e-09
4.559000000000000000e+03 5.579164025424668578e-06 8.180141243722920718e-09
4.661000000000000000e+03 5.556377426072919295e-06 8.056945707034474470e-09
4.763000000000000000e+03 5.523865944804636283e-06 7.925495847178639030e-09
4.865000000000000000e+03 5.496905455871206245e-06 7.800879338999024199e-09
4.968000000000000000e+03 5.478436390051706287e-06 7.659333962248133513e-09
5.070000000000000000e+03 5.444897067995576910e-06 7.570417152913787470e-09
5.172000000000000000e+03 5.419529372340606118e-06 7.460672714685853596e-09
5.274000000000000000e+03 5.402316942163570296e-06 7.366012323534202660e-09
5.376000000000000000e+03 5.371272003436214252e-06 7.252140375554881706e-09
5.478000000000000000e+03 5.358682785741115457e-06 7.133606591190272418e-09
5.581000000000000000e+03 5.339343986518529812e-06 7.075716766444147756e-09
5.683000000000000000e+03 5.312952243286504106e-06 6.978490232660383199e-09
5.785000000000000000e+03 5.280186154908479503e-06 6.871891383159976229e-09
5.888000000000000000e+03 5.272012184498964906e-06 6.768973173002680825e-09
5.990000000000000000e+03 5.253195874349191891e-06 6.719551168804123134e-09
6.092000000000000000e+03 5.251937614141973658e-06 6.659115701358456314e-09
