6.100000000000000000e+01 1.113004149911682621e-05 1.401329220500242139e-07
1.630000000000000000e+02 8.960268827193362478e-06 6.931782131333020417e-08
2.660000000000000000e+02 7.813288200309867292e-06 4.714134397848480284e-08
3.680000000000000000e+02 7.087535066585280548e-06 3.653907268441471504e-08
4.700000000000000000e+02 6.775193272256213172e-06 3.089201077408648257e-08
5.720000000000000000e+02 6.498136950181172810e-06 2.688115947594502582e-08
6.740000000000000000e+02 6.342906427841481064e-06 2.404013324452330912e-08
7.770000000000000000e+02 6.235848442192737097e-06 2.213172280277449305e-08
8.790000000000000000e+02 6.194729622872516194e-06 2.067321503867058935e-08
9.810000000000000000e+02 6.124815226832880895e-06 1.935174281452325429e-08
1.083000000000000000e+03 6.051411534318734164e-06 1.818962735667530677e-08
1.186000000000000000e+03 6.054524660876338061e-06 1.733314676952788474e-08
1.288000000000000000e+03 6.026012817840877347e-06 1.660932199184621611e-08
1.390000000000000000e+03 5.986986772740642540e-06 1.589086959630732474e-08
1.492000000000000000e+03 6.007792720652284143e-06 1.539164137914505089e-08
1.594000000000000000e+03 5.953425482964670937e-06 1.476250937348847626e-08
1.696000000000000000e+03 5.950318926722501167e-06 1.422365406904720532e-08
1.799000000000000000e+03 5.929821997906597602e-06 1.383747037165269692e-08
1.901000000000000000e+03 5.907278636458488951e-06 1.340925523372698397e-08
2.003000000000000000e+03 5.878028333397078519e-06 1.300428334569076819e-08
2.106000000000000000e+03 5.912063292597827323e-06 1.268674340093643031e-08
2.208000000000000000e+03 5.880700716003318602e-06 1.239016173770358454e-08
2.310000000000000000e+03 5.890511384920787892e-06 1.212859735485352408e-08
2.412000000000000000e+03 5.874189239775778894e-06 1.183658776706491520e-08
2.514000000000000000e+03 5.865300093243993562e-06 1.157732039922903584e-08
2.616000000000000000e+03 5.855299270905761738e-06 1.128127422251858096e-08
2.719000000000000000e+03 5.860723021939645868e-06 1.112203365210196544e-08
2.821000000000000000e+03 5.866005131753522537e-06 1.093438405227697147e-08
2.923000000000000000e+03 5.870077033771528366e-06 1.074646654059024455e-08
3.025000000000000000e+03 5.857030967080459016e-06 1.054516747888499552e-08
3.128000000000000000e+03 5.855154698676257617e-06 1.031126897405261659e-08
3.230000000000000000e+03 5.847781334188441530e-06 1.018481955169276335e-08
3.332000000000000000e+03 5.848439488117682390e-06 1.003040668621779796e-08
3.434000000000000000e+03 5.832936179857551972e-06 9.854401443983832538e-09
3.536000000000000000e+03 5.841736929289506472e-06 9.675845689047487329e-09
3.639000000000000000e+03 5.856299163614917734e-06 9.609796298611710626e-09
3.741000000000000000e+03 5.851626461643875664e-06 9.471301308298999852e-09
3.843000000000000000e+03 5.833742983716086213e-06 9.317740886360070873e-09
3.945000000000000000e+03 5.837933454838878622e-06 9.199582597762528339e-09
4.048000000000000000e+03 5.834301839198725562e-06 9.035512663539298856e-09
4.150000000000000000e+03 5.802238608021329541e-06 8.916395108992588596e-09
4.252000000000000000e+03 5.807252871400173201e-06 8.818204031943010834e-09
4.354000000000000000e+03 5.786354978577602078e-06 8.680095902148689091e-09
4.456000000000000000e+03 5.787816369167730595e-06 8.541789609316532350e-09
4.559000000000000000e+03 5.754673493827372066e-06 8.438003691463077897e-09
4.661000000000000000e+03 5.714436500307771676e-06 8.286211654500024016e-09
4.763000000000000000e+03 5.690278394107694039e-06 8.163121322642815918e-09
4.865000000000000000e+03 5.678346921315893072e-06 8.059178880844904459e-09
4.968000000000000000e+03 5.653658653562817409e-06 7.903183256004033609e-09
5.070000000000000000e+03 5.622135137524945928e-06 7.816501872468884631e-09
5.172000000000000000e+03 5.594478008213256028e-06 7.700015547619338088e-09
5.274000000000000000e+03 5.566938543232232466e-06 7.589176139503097942e-09
5.376000000000000000e+03 5.548819101216285489e-06 7.494547180259475170e-09
5.478000000000000000e+03 5.519159612487392981e-06 7.344314193517630736e-09
5.581000000000000000e+03 5.493473501971353155e-06 7.280500523121806179e-09
5.683000000000000000e+03 5.468876849762832410e-06 7.182225278886106579e-09
5.785000000000000000e+03 5.460467503354221582e-06 7.107581852137702447e-09
5.888000000000000000e+03 5.428655293326646118e-06 6.970120528738464781e-09
5.990000000000000000e+03 5.405221425676268185e-06 6.914726284302612360e-09
6.092000000000000000e+03 5.430502953664194904e-06 6.885738830053833126e-09
