6.100000000000000000e+01 1.082833758037709451e-05 1.356082739420854130e-07
1.630000000000000000e+02 8.697907571178916883e-06 6.724995115266779328e-08
2.660000000000000000e+02 7.561237265398643028e-06 4.567588483407799615e-08
3.680000000000000000e+02 6.899259081299352735e-06 3.554381324200430812e-08
4.700000000000000000e+02 6.546782325215254669e-06 2.986390363789733699e-08
5.720000000000000000e+02 6.315514226330313701e-06 2.610318461987325393e-08
6.740000000000000000e+02 6.191110506086418216e-06 2.345098469547962614e-08
7.770000000000000000e+02 6.100084757541064236e-06 2.166935500664185436e-08
8.790000000000000000e+02 5.996516582514689730e-06 1.999502755923256588e-08
9.810000000000000000e+02 5.949470997422383243e-06 1.879357764976599187e-08
1.083000000000000000e+03 5.915676284595425949e-06 1.778515707503879159e-08
1.186000000000000000e+03 5.863544895437106875e-06 1.676831566737841338e-08
1.288000000000000000e+03 5.828127901388155005e-06 1.606967555948642418e-08
1.390000000000000000e+03 5.803260499296577525e-06 1.540762840921151182e-08
1.492000000000000000e+03 5.793410496344381832e-06 1.484175625942503888e-08
1.594000000000000000e+03 5.787637558734327112e-06 1.434472759897863006e-08
1.696000000000000000e+03 5.776777327528971151e-06 1.381810152004578013e-08
1.799000000000000000e+03 5.727072523811952380e-06 1.336023886870030642e-08
1.901000000000000000e+03 5.752391805457614630e-06 1.305565246039206902e-08
2.003000000000000000e+03 5.707718956355734512e-06 1.262483931294539209e-08
2.106000000000000000e+03 5.726652448600138126e-06 1.229170455016824136e-08
2.208000000000000000e+03 5.699297693081447091e-06 1.200724153530944734e-08
2.310000000000000000e+03 5.702983494314186457e-06 1.174507494330483836e-08
2.412000000000000000e+03 5.701798376896776884e-06 1.148951681992159997e-08
2.514000000000000000e+03 5.693176096710726369e-06 1.123878576242478976e-08
2.616000000000000000e+03 5.683744651370786743e-06 1.094963449768007576e-08
2.719000000000000000e+03 5.697160858910494725e-06 1.081450105860724622e-08
2.821000000000000000e+03 5.691869387007781373e-06 1.060901021099380194e-08
2.923000000000000000e+03 5.689456786105336231e-06 1.041512121958299465e-08
3.025000000000000000e+03 5.676847158209635336e-06 1.021931457303675232e-08
3.128000000000000000e+03 5.689549658984566368e-06 1.001917413510419639e-08
3.230000000000000000e+03 5.668656164441561081e-06 9.875339228358583348e-09
3.332000000000000000e+03 5.662893666476853422e-06 9.709931237857236116e-09
3.434000000000000000e+03 5.666636014710285061e-06 9.573372782081847313e-09
3.536000000000000000e+03 5.675292355868091892e-06 9.399683086903632870e-09
3.639000000000000000e+03 5.664769731141137664e-06 9.295641145356889557e-09
3.741000000000000000e+03 5.658450127445078696e-06 9.160876705561041468e-09
3.843000000000000000e+03 5.665939361681299294e-06 9.046657288112653418e-09
3.945000000000000000e+03 5.648575311373472415e-06 8.903220422520812238e-09
4.048000000000000000e+03 5.668944100634684688e-06 8.779699868870316778e-09
4.150000000000000000e+03 5.629274646511558111e-06 8.649068483805246760e-09
4.252000000000000000e+03 5.634276690404416233e-06 8.555418358327130968e-09
4.354000000000000000e+03 5.605888307190474859e-06 8.409904704358520456e-09
4.456000000000000000e+03 5.592753056238801475e-06 8.253821711348658336e-09
4.559000000000000000e+03 5.587560744480529824e-06 8.193558812157059001e-09
4.661000000000000000e+03 5.556051639495040420e-06 8.053762217656933651e-09
4.763000000000000000e+03 5.523709372071974778e-06 7.926262391775110138e-09
4.865000000000000000e+03 5.505204467069851883e-06 7.812063286590711807e-09
4.968000000000000000e+03 5.476168526876893129e-06 7.655670329432591648e-09
5.070000000000000000e+03 5.453964788606620816e-06 7.582902400637879797e-09
5.172000000000000000e+03 5.422994172983478133e-06 7.465790224114776323e-09
5.274000000000000000e+03 5.398247766144613185e-06 7.359566648872321441e-09
5.376000000000000000e+03 5.387046715820439920e-06 7.273993490021630835e-09
5.478000000000000000e+03 5.360797101769337109e-06 7.134790179418060555e-09
5.581000000000000000e+03 5.324994217455572790e-06 7.057514947303202077e-09
5.683000000000000000e+03 5.320180762979881379e-06 6.988277466835357404e-09
5.785000000000000000e+03 5.270656485556913796e-06 6.858635954187535012e-09
5.888000000000000000e+03 5.262369058263434019e-06 6.757042623939556600e-09
5.990000000000000000e+03 5.247062259045775901e-06 6.714164076555145419e-09
6.092000000000000000e+03 5.254906183025394425e-06 6.662368681846049510e-09
