6.100000000000000000e+01 3.827033537200816385e-05 4.782676243616375578e-07
1.630000000000000000e+02 3.518539006168238553e-05 2.721522550413356703e-07
2.660000000000000000e+02 3.380583180711061640e-05 2.038840170315725277e-07
3.680000000000000000e+02 3.361880404779031209e-05 1.730476675585223405e-07
4.700000000000000000e+02 3.338085823082318930e-05 1.522208556209309491e-07
5.720000000000000000e+02 3.309800375416191925e-05 1.369527321861010293e-07
6.740000000000000000e+02 3.286775077290101727e-05 1.245454533672921835e-07
7.770000000000000000e+02 3.292073393130444663e-05 1.167438847250438767e-07
8.790000000000000000e+02 3.271933227929948307e-05 1.092283443501160073e-07
9.810000000000000000e+02 3.299139519855179064e-05 1.041857304136518392e-07
1.083000000000000000e+03 3.297150288818796726e-05 9.917478270117390317e-08
1.186000000000000000e+03 3.289584923246586650e-05 9.406272431235462710e-08
1.288000000000000000e+03 3.278106114681120318e-05 9.040430206095610771e-08
1.390000000000000000e+03 3.282230534953204152e-05 8.715083486466162594e-08
1.492000000000000000e+03 3.273034225669194781e-05 8.385858711754856632e-08
1.594000000000000000e+03 3.276855085043949679e-05 8.124732162341113981e-08
1.696000000000000000e+03 3.277446026521557704e-05 7.836932602886638971e-08
1.799000000000000000e+03 3.291365392812150626e-05 7.678060629583594932e-08
1.901000000000000000e+03 3.275819162964498685e-05 7.437759291782354881e-08
2.003000000000000000e+03 3.268588764189672864e-05 7.229169666774440040e-08
2.106000000000000000e+03 3.277712862023716332e-05 7.034867521988019995e-08
2.208000000000000000e+03 3.262290205985902671e-05 6.870979129191403074e-08
2.310000000000000000e+03 3.278963333334337102e-05 6.753845950048257541e-08
2.412000000000000000e+03 3.275288793904959953e-05 6.599985402525200613e-08
2.514000000000000000e+03 3.275905300293935433e-05 6.468204788371350541e-08
2.616000000000000000e+03 3.283802060260347167e-05 6.321458419278615497e-08
2.719000000000000000e+03 3.265553808983120163e-05 6.200330225833090054e-08
2.821000000000000000e+03 3.281867753149813970e-05 6.116277753745464884e-08
2.923000000000000000e+03 3.273944651032383832e-05 5.994624821564148506e-08
3.025000000000000000e+03 3.274364194052144564e-05 5.894104542819328263e-08
3.128000000000000000e+03 3.281530260010904278e-05 5.780600828239736092e-08
3.230000000000000000e+03 3.279372217786496319e-05 5.710985007575234522e-08
3.332000000000000000e+03 3.270368394959301462e-05 5.607940104415208955e-08
3.434000000000000000e+03 3.276323406581960792e-05 5.535844608505329968e-08
3.536000000000000000e+03 3.278023100680971778e-05 5.428892647332800651e-08
3.639000000000000000e+03 3.261746425325187253e-05 5.352286076046992281e-08
3.741000000000000000e+03 3.277326057844421123e-05 5.303642468767602859e-08
3.843000000000000000e+03 3.276788708510413060e-05 5.233590013528914870e-08
3.945000000000000000e+03 3.266897994071894269e-05 5.149095919268442247e-08
4.048000000000000000e+03 3.258970616418245661e-05 5.046126579302498779e-08
4.150000000000000000e+03 3.260402819145501104e-05 5.011300241737821192e-08
4.252000000000000000e+03 3.259576428536392140e-05 4.948163675523355700e-08
4.354000000000000000e+03 3.249806360651245164e-05 4.876045142082178657e-08
4.456000000000000000e+03 3.240204604967027456e-05 4.781737252351977420e-08
4.559000000000000000e+03 3.225189730114508887e-05 4.728435301815612322e-08
4.661000000000000000e+03 3.216714423211583962e-05 4.665357055843968076e-08
4.763000000000000000e+03 3.205848880359965774e-05 4.598487498740542180e-08
4.865000000000000000e+03 3.184002492834171245e-05 4.519588763427612830e-08
4.968000000000000000e+03 3.174834337674367331e-05 4.437031356710349718e-08
5.070000000000000000e+03 3.160240039138026809e-05 4.394663869373804294e-08
5.172000000000000000e+03 3.148203414734874778e-05 4.333832356547410123e-08
5.274000000000000000e+03 3.134409370431165425e-05 4.273078965212937852e-08
5.376000000000000000e+03 3.119680442570127329e-05 4.211743316675554996e-08
5.478000000000000000e+03 3.102242813330869433e-05 4.130390078277228816e-08
5.581000000000000000e+03 3.089188132140906705e-05 4.093193293920039923e-08
5.683000000000000000e+03 3.070948943084964906e-05 4.032300341403722282e-08
5.785000000000000000e+03 3.068022373544049779e-05 3.994318308125854193e-08
5.888000000000000000e+03 3.048342575486967949e-05 3.913410050083768135e-08
5.990000000000000000e+03 3.050711321203421057e-05 3.903284772042331658e-08
6.092000000000000000e+03 3.042503152113295068e-05 3.857795256722731376e-08
