6.100000000000000000e+01 3.804068856100437850e-05 4.766854446735051777e-07
1.630000000000000000e+02 3.514608026054304261e-05 2.718244864327837308e-07
2.660000000000000000e+02 3.430039453750380953e-05 2.068097898068578959e-07
3.680000000000000000e+02 3.370623374536087501e-05 1.736713172930277979e-07
4.700000000000000000e+02 3.344952593686888274e-05 1.524817934554912183e-07
5.720000000000000000e+02 3.301775799908565775e-05 1.365976992726368075e-07
6.740000000000000000e+02 3.310701665110544155e-05 1.254404889771960903e-07
7.770000000000000000e+02 3.301112752723283261e-05 1.172230650374901690e-07
8.790000000000000000e+02 3.288519379751465139e-05 1.096617784611061761e-07
9.810000000000000000e+02 3.308229136989969675e-05 1.044731498238511607e-07
1.083000000000000000e+03 3.291181276164712529e-05 9.898185597624559589e-08
1.186000000000000000e+03 3.300689973742392398e-05 9.438848179336846915e-08
1.288000000000000000e+03 3.282626903521575695e-05 9.051232583627910744e-08
1.390000000000000000e+03 3.291781188151662272e-05 8.735469685571250651e-08
1.492000000000000000e+03 3.281471346932581619e-05 8.409669678669786162e-08
1.594000000000000000e+03 3.291441319770363602e-05 8.157740311672325368e-08
1.696000000000000000e+03 3.291363741426353042e-05 7.873709394174875914e-08
1.799000000000000000e+03 3.281278046272548369e-05 7.653003465868462518e-08
1.901000000000000000e+03 3.291207146762860125e-05 7.472127365934134726e-08
2.003000000000000000e+03 3.282742174142822103e-05 7.257794008755497394e-08
2.106000000000000000e+03 3.269179796657897894e-05 7.018554313748173290e-08
2.208000000000000000e+03 3.281496047848058453e-05 6.911694444808665425e-08
2.310000000000000000e+03 3.284591687940136316e-05 6.763692632855518143e-08
2.412000000000000000e+03 3.266584662907096053e-05 6.585850031109662677e-08
2.514000000000000000e+03 3.282741506306231224e-05 6.480053465145144101e-08
2.616000000000000000e+03 3.273408552939026709e-05 6.305076753026786566e-08
2.719000000000000000e+03 3.272283753607404605e-05 6.211190875453850224e-08
2.821000000000000000e+03 3.269556361480264030e-05 6.093699313327977339e-08
2.923000000000000000e+03 3.273065987406673837e-05 5.991511664918851179e-08
3.025000000000000000e+03 3.276563364900737145e-05 5.898685797434960413e-08
3.128000000000000000e+03 3.275536794020308631e-05 5.770372698360579054e-08
3.230000000000000000e+03 3.279222666906525893e-05 5.711118790432551901e-08
3.332000000000000000e+03 3.274658234650011125e-05 5.617199351752867641e-08
3.434000000000000000e+03 3.273465842050513118e-05 5.528581798552976336e-08
3.536000000000000000e+03 3.277840726995122676e-05 5.430653885576244512e-08
3.639000000000000000e+03 3.274067251154104538e-05 5.371422063693421780e-08
3.741000000000000000e+03 3.271755728280406953e-05 5.296849147120545020e-08
3.843000000000000000e+03 3.278435303971410415e-05 5.234629934961375263e-08
3.945000000000000000e+03 3.266677084694779161e-05 5.149100952910731019e-08
4.048000000000000000e+03 3.270958203473507979e-05 5.065235996546132315e-08
4.150000000000000000e+03 3.260570537126420261e-05 5.009889034096109116e-08
4.252000000000000000e+03 3.256536287430877120e-05 4.943933952786504558e-08
4.354000000000000000e+03 3.245712486937337717e-05 4.871132062420323013e-08
4.456000000000000000e+03 3.251032828790788385e-05 4.797282554960495374e-08
4.559000000000000000e+03 3.231900231488821717e-05 4.738572276626349422e-08
4.661000000000000000e+03 3.220646375423336213e-05 4.670714171945159857e-08
4.763000000000000000e+03 3.205070121769291287e-05 4.597201576966156092e-08
4.865000000000000000e+03 3.196283298759625477e-05 4.536407366731747239e-08
4.968000000000000000e+03 3.177960701401713720e-05 4.443075247770920779e-08
5.070000000000000000e+03 3.171396566752445232e-05 4.408668553896179535e-08
5.172000000000000000e+03 3.153610105412313585e-05 4.340958875094270800e-08
5.274000000000000000e+03 3.132990397665480698e-05 4.271449289495087745e-08
5.376000000000000000e+03 3.112392491075853009e-05 4.202424868261467970e-08
5.478000000000000000e+03 3.111018056399017707e-05 4.141151816936822057e-08
5.581000000000000000e+03 3.095420342252217628e-05 4.102011138142009919e-08
5.683000000000000000e+03 3.079484850781925387e-05 4.044029713767287283e-08
5.785000000000000000e+03 3.078720573470240845e-05 4.007330746522404457e-08
5.888000000000000000e+03 3.055059603616540754e-05 3.923097306767952435e-08
5.990000000000000000e+03 3.049256370520048086e-05 3.900522753463826319e-08
6.092000000000000000e+03 3.044966908489480487e-05 3.861041078224377892e-08
