6.100000000000000000e+01 3.837932607142137572e-05 4.814758554145746046e-07
1.630000000000000000e+02 3.496996462884915285e-05 2.701083621965411992e-07
2.660000000000000000e+02 3.429978802516484774e-05 2.068364100521309786e-07
3.680000000000000000e+02 3.340609455840229847e-05 1.718338639292438025e-07
4.700000000000000000e+02 3.312956661503708321e-05 1.510713888996201618e-07
5.720000000000000000e+02 3.297380070330860612e-05 1.363379455764106309e-07
6.740000000000000000e+02 3.298812946267508069e-05 1.250523676232096078e-07
7.770000000000000000e+02 3.297449487462824160e-05 1.169499445972121537e-07
8.790000000000000000e+02 3.312149503077825428e-05 1.105088220832660154e-07
9.810000000000000000e+02 3.284764474276014289e-05 1.037186434590109848e-07
1.083000000000000000e+03 3.285195305317984007e-05 9.878899906058235905e-08
1.186000000000000000e+03 3.286793695155194352e-05 9.401762451763825968e-08
1.288000000000000000e+03 3.272387538722020906e-05 9.023327994603888728e-08
1.390000000000000000e+03 3.293710559237045249e-05 8.740797231227225044e-08
1.492000000000000000e+03 3.273679771398969890e-05 8.387462782181118983e-08
1.594000000000000000e+03 3.275892798586307327e-05 8.119685382505845608e-08
1.696000000000000000e+03 3.277124886899829395e-05 7.834093097522643137e-08
1.799000000000000000e+03 3.276844977207651172e-05 7.646676947342093004e-08
1.901000000000000000e+03 3.273919880613001870e-05 7.430694754408662204e-08
2.003000000000000000e+03 3.265133041134662847e-05 7.222754477448729198e-08
2.106000000000000000e+03 3.267868694725649891e-05 7.015028157262761408e-08
2.208000000000000000e+03 3.276729209228751791e-05 6.902351317527473128e-08
2.310000000000000000e+03 3.264144759005594207e-05 6.720829522469249618e-08
2.412000000000000000e+03 3.274257474454448421e-05 6.600644759040813868e-08
2.514000000000000000e+03 3.264846677378171200e-05 6.445802513483681103e-08
2.616000000000000000e+03 3.266972767080178334e-05 6.291928110956401220e-08
2.719000000000000000e+03 3.272287305138428900e-05 6.210960160492763769e-08
2.821000000000000000e+03 3.276833827816477278e-05 6.105103335861971673e-08
2.923000000000000000e+03 3.270646857481473378e-05 5.989748380449040187e-08
3.025000000000000000e+03 3.266881423725214600e-05 5.879060711065502496e-08
3.128000000000000000e+03 3.259902039278707254e-05 5.743325837954426532e-08
3.230000000000000000e+03 3.276321202845103488e-05 5.706574365527139517e-08
3.332000000000000000e+03 3.268673526842788080e-05 5.603862706575459192e-08
3.434000000000000000e+03 3.274718237928134473e-05 5.532362644022858539e-08
3.536000000000000000e+03 3.270909480245168407e-05 5.417682702080908202e-08
3.639000000000000000e+03 3.268421726707178651e-05 5.363736595559927737e-08
3.741000000000000000e+03 3.273824122391910565e-05 5.297458462640116281e-08
3.843000000000000000e+03 3.271064173298989186e-05 5.224282332124691980e-08
3.945000000000000000e+03 3.265955692977383720e-05 5.149514640806392494e-08
4.048000000000000000e+03 3.274768039595627481e-05 5.069085639740805368e-08
4.150000000000000000e+03 3.261233990758866027e-05 5.011726569112718929e-08
4.252000000000000000e+03 3.263003707540123194e-05 4.953401905278862338e-08
4.354000000000000000e+03 3.244816261111634298e-05 4.869795824371554936e-08
4.456000000000000000e+03 3.238913373709333745e-05 4.779733838156638241e-08
4.559000000000000000e+03 3.231555871290863889e-05 4.737815739325949347e-08
4.661000000000000000e+03 3.222703936557789025e-05 4.672995033323858988e-08
4.763000000000000000e+03 3.209444633378012409e-05 4.604745605916611339e-08
4.865000000000000000e+03 3.185821539279633729e-05 4.522312236926364927e-08
4.968000000000000000e+03 3.174630276233304414e-05 4.437977921826361864e-08
5.070000000000000000e+03 3.160935394562052896e-05 4.394421434618914347e-08
5.172000000000000000e+03 3.151125865134490016e-05 4.336791256162467293e-08
5.274000000000000000e+03 3.129718244839353302e-05 4.267561803890945943e-08
5.376000000000000000e+03 3.116023662438334267e-05 4.207040716884674655e-08
5.478000000000000000e+03 3.106341976724451384e-05 4.134419714799642494e-08
5.581000000000000000e+03 3.097475872567804095e-05 4.105299134199412265e-08
5.683000000000000000e+03 3.067823575592257626e-05 4.028769364924908772e-08
5.785000000000000000e+03 3.059263783709917220e-05 3.982171265077647714e-08
5.888000000000000000e+03 3.045039676441850499e-05 3.910016157221469017e-08
5.990000000000000000e+03 3.040772798578801045e-05 3.889497601798851563e-08
6.092000000000000000e+03 3.044729193229352298e-05 3.861287459056848612e-08
