6.100000000000000000e+01 3.907324924238960915e-05 4.891795038909218410e-07
1.630000000000000000e+02 3.573847411715241440e-05 2.758732695558438197e-07
2.660000000000000000e+02 3.395948755182447235e-05 2.051345339428652394e-07
3.680000000000000000e+02 3.346387564198372792e-05 1.723916316557836653e-07
4.700000000000000000e+02 3.318799540805329192e-05 1.513754359228723138e-07
5.720000000000000000e+02 3.299619615623592170e-05 1.363938495803887011e-07
6.740000000000000000e+02 3.305626428165237896e-05 1.253119900532368090e-07
7.770000000000000000e+02 3.290039562002232431e-05 1.167982883594681672e-07
8.790000000000000000e+02 3.295907545565038884e-05 1.099502383068956060e-07
9.810000000000000000e+02 3.301127671580196456e-05 1.042928472513005476e-07
1.083000000000000000e+03 3.291913155964019033e-05 9.902189408776403257e-08
1.186000000000000000e+03 3.308238822194650572e-05 9.462071137942648428e-08
1.288000000000000000e+03 3.280344442874429871e-05 9.046545070015421905e-08
1.390000000000000000e+03 3.295678518960870634e-05 8.746711418696886628e-08
1.492000000000000000e+03 3.282644047363651502e-05 8.410885799170849045e-08
1.594000000000000000e+03 3.284201313608736656e-05 8.139102327358557518e-08
1.696000000000000000e+03 3.263130973203557853e-05 7.802158039768831542e-08
1.799000000000000000e+03 3.281890710256739335e-05 7.658290050992694951e-08
1.901000000000000000e+03 3.268362137185905537e-05 7.421067105494161383e-08
2.003000000000000000e+03 3.279083057698747980e-05 7.249574748804738577e-08
2.106000000000000000e+03 3.273972755586340125e-05 7.030676992487136221e-08
2.208000000000000000e+03 3.282269778871777660e-05 6.912143034884470799e-08
2.310000000000000000e+03 3.271024105454151142e-05 6.737098250199889612e-08
2.412000000000000000e+03 3.281727325680858654e-05 6.614429759313829409e-08
2.514000000000000000e+03 3.284470187699187600e-05 6.484521235354233811e-08
2.616000000000000000e+03 3.281953139968774063e-05 6.319309027554157570e-08
2.719000000000000000e+03 3.265628018484505207e-05 6.201193531520731246e-08
2.821000000000000000e+03 3.273193782081780474e-05 6.099519573993403906e-08
2.923000000000000000e+03 3.287443937224455786e-05 6.016067350277514331e-08
3.025000000000000000e+03 3.270311241972952636e-05 5.887524052288581944e-08
3.128000000000000000e+03 3.276541405668987011e-05 5.771550859813509582e-08
3.230000000000000000e+03 3.279571465366498163e-05 5.713538720968369037e-08
3.332000000000000000e+03 3.271982525016767061e-05 5.612651348806044760e-08
3.434000000000000000e+03 3.269031694229352324e-05 5.520654536505683033e-08
3.536000000000000000e+03 3.272101487784555854e-05 5.420280177898469441e-08
3.639000000000000000e+03 3.274055740037147311e-05 5.372534239446556906e-08
3.741000000000000000e+03 3.272234035437817453e-05 5.297082169658078216e-08
3.843000000000000000e+03 3.279612779773563970e-05 5.237476049396635492e-08
3.945000000000000000e+03 3.269071449921063128e-05 5.152795453404768405e-08
4.048000000000000000e+03 3.268065286755979704e-05 5.059865284777208630e-08
4.150000000000000000e+03 3.267529700679104311e-05 5.020995590114485283e-08
4.252000000000000000e+03 3.259311189683833019e-05 4.949038660672485524e-08
4.354000000000000000e+03 3.254214039571445767e-05 4.882306006894424585e-08
4.456000000000000000e+03 3.250566529905531626e-05 4.796091879163606817e-08
4.559000000000000000e+03 3.235772547418495990e-05 4.744911605212284821e-08
4.661000000000000000e+03 3.224260514482305288e-05 4.676030236875337836e-08
4.763000000000000000e+03 3.206040691447645350e-05 4.597805929372751974e-08
4.865000000000000000e+03 3.195564679261777056e-05 4.536718259363142446e-08
4.968000000000000000e+03 3.173258150025663857e-05 4.435530112348382054e-08
5.070000000000000000e+03 3.165594496209507168e-05 4.401199321880166489e-08
5.172000000000000000e+03 3.148696950612138359e-05 4.334949977495313360e-08
5.274000000000000000e+03 3.134518181547991359e-05 4.273939067784202198e-08
5.376000000000000000e+03 3.121802062795290308e-05 4.214496049530135621e-08
5.478000000000000000e+03 3.097561359766019741e-05 4.123289753860733966e-08
5.581000000000000000e+03 3.094103871426070692e-05 4.100729233519672372e-08
5.683000000000000000e+03 3.080882652889587646e-05 4.045105780505841254e-08
5.785000000000000000e+03 3.078440236937267247e-05 4.007824895979302012e-08
5.888000000000000000e+03 3.059492621322970775e-05 3.928762000035599748e-08
5.990000000000000000e+03 3.048935552387487869e-05 3.899817528894539369e-08
6.092000000000000000e+03 3.055377473263372193e-05 3.874686561565449862e-08
