6.100000000000000000e+01 3.852005912546888159e-05 4.806635903418789786e-07
1.630000000000000000e+02 3.547144289613151914e-05 2.735682281524644067e-07
2.660000000000000000e+02 3.388723097792164022e-05 2.043304728446136579e-07
3.680000000000000000e+02 3.347769882869215051e-05 1.723468021311161187e-07
4.700000000000000000e+02 3.309651974203010405e-05 1.509452931607370320e-07
5.720000000000000000e+02 3.305846632168055080e-05 1.367191036575329079e-07
6.740000000000000000e+02 3.304243410817587226e-05 1.252282952533616359e-07
7.770000000000000000e+02 3.286918538031874127e-05 1.166274275747246428e-07
8.790000000000000000e+02 3.281057652583827211e-05 1.094365531867515699e-07
9.810000000000000000e+02 3.291316209941590258e-05 1.040049154166025340e-07
1.083000000000000000e+03 3.301231931782622425e-05 9.926356776720387611e-08
1.186000000000000000e+03 3.303543449585953683e-05 9.447685274527599279e-08
1.288000000000000000e+03 3.277227333341555708e-05 9.038061196506804613e-08
1.390000000000000000e+03 3.290313566345016625e-05 8.729826920650595919e-08
1.492000000000000000e+03 3.262311690512235821e-05 8.359482670194409725e-08
1.594000000000000000e+03 3.275748671121529455e-05 8.120795004334886877e-08
1.696000000000000000e+03 3.276932193879446140e-05 7.839354122444961898e-08
1.799000000000000000e+03 3.289013274140019984e-05 7.672250329862566292e-08
1.901000000000000000e+03 3.298377129348316876e-05 7.487863304474473762e-08
2.003000000000000000e+03 3.284627842494426361e-05 7.263434639570639497e-08
2.106000000000000000e+03 3.282213117226087044e-05 7.047294810140181651e-08
2.208000000000000000e+03 3.281678380545980528e-05 6.910561114528583267e-08
2.310000000000000000e+03 3.281528525072805060e-05 6.757706235454158493e-08
2.412000000000000000e+03 3.278052147037930302e-05 6.606371953910249855e-08
2.514000000000000000e+03 3.295247694284388074e-05 6.506357939936976223e-08
2.616000000000000000e+03 3.277031589103048263e-05 6.311033467865549746e-08
2.719000000000000000e+03 3.263772026902129846e-05 6.195656909681961311e-08
2.821000000000000000e+03 3.278093076448881937e-05 6.108338540867248467e-08
2.923000000000000000e+03 3.272688543744786742e-05 5.992568941216951457e-08
3.025000000000000000e+03 3.279600333667868022e-05 5.904085990100626762e-08
3.128000000000000000e+03 3.271449241750069457e-05 5.760752026263015677e-08
3.230000000000000000e+03 3.277304789646679433e-05 5.707425855692918704e-08
3.332000000000000000e+03 3.273499099371880299e-05 5.615014621829861835e-08
3.434000000000000000e+03 3.283310240439360158e-05 5.546997316342788786e-08
3.536000000000000000e+03 3.284199802621843732e-05 5.440213011798906386e-08
3.639000000000000000e+03 3.278636762096845078e-05 5.379704761870621693e-08
3.741000000000000000e+03 3.267166436777539949e-05 5.288879982239010201e-08
3.843000000000000000e+03 3.273840888393706827e-05 5.227320384978092346e-08
3.945000000000000000e+03 3.270773905180519772e-05 5.155527495907467578e-08
4.048000000000000000e+03 3.277404232284185414e-05 5.074967036508433111e-08
4.150000000000000000e+03 3.267928230200349337e-05 5.022481102698848543e-08
4.252000000000000000e+03 3.266299589017985198e-05 4.957644314623140964e-08
4.354000000000000000e+03 3.247224062782111186e-05 4.872908998766678474e-08
4.456000000000000000e+03 3.251121264837806706e-05 4.798188796523822096e-08
4.559000000000000000e+03 3.231928834794658056e-05 4.738782910528482782e-08
4.661000000000000000e+03 3.223667060236654579e-05 4.674965565281595969e-08
4.763000000000000000e+03 3.211972263573974879e-05 4.607006364313186598e-08
4.865000000000000000e+03 3.201711354237166688e-05 4.545351933199623800e-08
4.968000000000000000e+03 3.178022849601970311e-05 4.441819554955294501e-08
5.070000000000000000e+03 3.168148725486626691e-05 4.405120985860806174e-08
5.172000000000000000e+03 3.149583518464391254e-05 4.335845780707479030e-08
5.274000000000000000e+03 3.136851292609642126e-05 4.276433658799796309e-08
5.376000000000000000e+03 3.121908147287571469e-05 4.215245396421386216e-08
5.478000000000000000e+03 3.104248783468296712e-05 4.131894469618057774e-08
5.581000000000000000e+03 3.090857448379657590e-05 4.096206183439435149e-08
5.683000000000000000e+03 3.085155982029686290e-05 4.051962334268768342e-08
5.785000000000000000e+03 3.066090395394614179e-05 3.990678332257414274e-08
5.888000000000000000e+03 3.060584368752553215e-05 3.929633775977330198e-08
5.990000000000000000e+03 3.044766333259290978e-05 3.895683204530688783e-08
6.092000000000000000e+03 3.055541974030634954e-05 3.874374799135314865e-08
