6.100000000000000000e+01 3.751928328266116786e-05 4.727005451497351055e-07
1.630000000000000000e+02 3.584542849725138691e-05 2.763386630343169762e-07
2.660000000000000000e+02 3.399779741191008949e-05 2.053673286278567803e-07
3.680000000000000000e+02 3.353131395680216022e-05 1.724456019848742348e-07
4.700000000000000000e+02 3.326887218602034719e-05 1.517329598531423673e-07
5.720000000000000000e+02 3.318700847320903141e-05 1.372695486231332467e-07
6.740000000000000000e+02 3.312726457661119934e-05 1.255133866402816191e-07
7.770000000000000000e+02 3.299636287661352390e-05 1.170439111816892360e-07
8.790000000000000000e+02 3.305005334407320810e-05 1.103191294054916802e-07
9.810000000000000000e+02 3.291150839955979347e-05 1.039444376316427171e-07
1.083000000000000000e+03 3.279593481740143951e-05 9.860407475965757243e-08
1.186000000000000000e+03 3.299901229943206913e-05 9.438781390609717124e-08
1.288000000000000000e+03 3.289313467376114137e-05 9.071325739837034738e-08
1.390000000000000000e+03 3.280127700243009442e-05 8.702627737532321076e-08
1.492000000000000000e+03 3.265201642944455453e-05 8.367352263001992833e-08
1.594000000000000000e+03 3.280607680144611367e-05 8.134276608928637896e-08
1.696000000000000000e+03 3.285451080411713119e-05 7.855804212307555606e-08
1.799000000000000000e+03 3.281291952913887076e-05 7.655354632046998494e-08
1.901000000000000000e+03 3.272878574932144543e-05 7.430171611685116103e-08
2.003000000000000000e+03 3.275133713243557373e-05 7.245645582934286918e-08
2.106000000000000000e+03 3.279409024737609180e-05 7.037157415083719827e-08
2.208000000000000000e+03 3.268870551728260545e-05 6.885727410470386723e-08
2.310000000000000000e+03 3.272879935392050080e-05 6.741296313509440409e-08
2.412000000000000000e+03 3.266247702147294065e-05 6.583087329130142490e-08
2.514000000000000000e+03 3.266904665159606728e-05 6.449850291899795911e-08
2.616000000000000000e+03 3.280409852719370727e-05 6.316578453664800254e-08
2.719000000000000000e+03 3.278535274134467713e-05 6.224300900363681847e-08
2.821000000000000000e+03 3.283402708174462041e-05 6.117680723701892370e-08
2.923000000000000000e+03 3.277449265967489800e-05 6.002619041860364149e-08
3.025000000000000000e+03 3.277677681200180789e-05 5.898547885688564966e-08
3.128000000000000000e+03 3.276924956909438503e-05 5.773138046299850369e-08
3.230000000000000000e+03 3.276491055181047856e-05 5.706635780149434595e-08
3.332000000000000000e+03 3.266867718014597607e-05 5.602603972616538637e-08
3.434000000000000000e+03 3.278732815385343170e-05 5.538872377682481643e-08
3.536000000000000000e+03 3.285726586158973589e-05 5.442704939762308737e-08
3.639000000000000000e+03 3.278818048867979996e-05 5.379203201841916138e-08
3.741000000000000000e+03 3.281747635501445581e-05 5.312388837558169839e-08
3.843000000000000000e+03 3.279107509442302841e-05 5.236632183333709976e-08
3.945000000000000000e+03 3.281119394664617947e-05 5.170094660081406522e-08
4.048000000000000000e+03 3.270757513381279116e-05 5.066286054655854764e-08
4.150000000000000000e+03 3.271198879108008024e-05 5.026586510596311519e-08
4.252000000000000000e+03 3.267083369400210262e-05 4.960358450285882909e-08
4.354000000000000000e+03 3.252392831222709017e-05 4.879919177063332538e-08
4.456000000000000000e+03 3.253157406721690354e-05 4.800549267468612452e-08
4.559000000000000000e+03 3.237912618775221942e-05 4.748407440946740714e-08
4.661000000000000000e+03 3.217314870398379031e-05 4.665384818731483126e-08
4.763000000000000000e+03 3.205115553301776166e-05 4.597490313077631377e-08
4.865000000000000000e+03 3.196539684220560450e-05 4.537352661970203714e-08
4.968000000000000000e+03 3.179579226689533441e-05 4.444814646295521663e-08
5.070000000000000000e+03 3.158325983296646845e-05 4.391881088892878175e-08
5.172000000000000000e+03 3.156269268349761749e-05 4.344800604552808207e-08
5.274000000000000000e+03 3.143526650359824211e-05 4.284077303075938279e-08
5.376000000000000000e+03 3.123073401239272764e-05 4.216980148066264909e-08
5.478000000000000000e+03 3.110058301470376539e-05 4.140380106086152497e-08
5.581000000000000000e+03 3.086753032615382179e-05 4.090793094632577134e-08
5.683000000000000000e+03 3.079748282879805779e-05 4.044122410589753134e-08
5.785000000000000000e+03 3.066723061055209431e-05 3.992842278927318241e-08
5.888000000000000000e+03 3.053756283087831442e-05 3.920581067442832482e-08
5.990000000000000000e+03 3.042423133048334914e-05 3.891944780111227976e-08
6.092000000000000000e+03 3.049790394706433286e-05 3.866843404728315120e-08
