6.100000000000000000e+01 3.947442119780904767e-05 4.947505141346878388e-07
1.630000000000000000e+02 3.543751317473489053e-05 2.741187292428814738e-07
2.660000000000000000e+02 3.437399782682888552e-05 2.075211543537819967e-07
3.680000000000000000e+02 3.363576051327016298e-05 1.733211660515749236e-07
4.700000000000000000e+02 3.359982018805949275e-05 1.531045993982120738e-07
5.720000000000000000e+02 3.324642493274071432e-05 1.375316783420453642e-07
6.740000000000000000e+02 3.328902864503852956e-05 1.261271094796308977e-07
7.770000000000000000e+02 3.290167576517806378e-05 1.167582237563091349e-07
8.790000000000000000e+02 3.304226418119829970e-05 1.102719456985120813e-07
9.810000000000000000e+02 3.298480015386798996e-05 1.042112988835157167e-07
1.083000000000000000e+03 3.285608575913075233e-05 9.880713039432323266e-08
1.186000000000000000e+03 3.285832980103205441e-05 9.395244084524510004e-08
1.288000000000000000e+03 3.294185427659527296e-05 9.083849736618220190e-08
1.390000000000000000e+03 3.278560980157482139e-05 8.703987880877466405e-08
1.492000000000000000e+03 3.286959781254082338e-05 8.420726979689602548e-08
1.594000000000000000e+03 3.276521142938742777e-05 8.125783707314150982e-08
1.696000000000000000e+03 3.274565046110506207e-05 7.825871612787587746e-08
1.799000000000000000e+03 3.283299975510365460e-05 7.662475523089195428e-08
1.901000000000000000e+03 3.267159729001382104e-05 7.416901519996213382e-08
2.003000000000000000e+03 3.274614228249146761e-05 7.239405544914801546e-08
2.106000000000000000e+03 3.284662414656731898e-05 7.051481034380248629e-08
2.208000000000000000e+03 3.282764591236327068e-05 6.914423203451157141e-08
2.310000000000000000e+03 3.276011744049563341e-05 6.748334843421197314e-08
2.412000000000000000e+03 3.279871978215773181e-05 6.608460487457740519e-08
2.514000000000000000e+03 3.271967264219392054e-05 6.458417569061349445e-08
2.616000000000000000e+03 3.284554877033768548e-05 6.327196621029576309e-08
2.719000000000000000e+03 3.285199944769347783e-05 6.236199357243176172e-08
2.821000000000000000e+03 3.273863442150033015e-05 6.100921663566216508e-08
2.923000000000000000e+03 3.287816871094153805e-05 6.019050535345799854e-08
3.025000000000000000e+03 3.282009192049509472e-05 5.908607525121071993e-08
3.128000000000000000e+03 3.268787946896924254e-05 5.757725347815627736e-08
3.230000000000000000e+03 3.275122782306559398e-05 5.704602468614179951e-08
3.332000000000000000e+03 3.266131307149005582e-05 5.600302476272827052e-08
3.434000000000000000e+03 3.279181807268596660e-05 5.540706486218358899e-08
3.536000000000000000e+03 3.271121219721968772e-05 5.418578795386005555e-08
3.639000000000000000e+03 3.275817878125918619e-05 5.376522812132827665e-08
3.741000000000000000e+03 3.275933868154379085e-05 5.301338356702249554e-08
3.843000000000000000e+03 3.260065112311861775e-05 5.205298232597196473e-08
3.945000000000000000e+03 3.272326613529691748e-05 5.157673485855842576e-08
4.048000000000000000e+03 3.264993291799834482e-05 5.056208266848886355e-08
4.150000000000000000e+03 3.264488617831087574e-05 5.016196195434135461e-08
4.252000000000000000e+03 3.272326417791702129e-05 4.968272337894409445e-08
4.354000000000000000e+03 3.249529645399690963e-05 4.875196492628833832e-08
4.456000000000000000e+03 3.249399730163789494e-05 4.794552959385005137e-08
4.559000000000000000e+03 3.241906959685662772e-05 4.753870899615074109e-08
4.661000000000000000e+03 3.221374770987094527e-05 4.670868442137817543e-08
4.763000000000000000e+03 3.206906485259849836e-05 4.599811832137770440e-08
4.865000000000000000e+03 3.200459056431532605e-05 4.543886898612797801e-08
4.968000000000000000e+03 3.183764649979514553e-05 4.449981500724827801e-08
5.070000000000000000e+03 3.160860656400881142e-05 4.395343481676003863e-08
5.172000000000000000e+03 3.160114518574304402e-05 4.350596240299819937e-08
5.274000000000000000e+03 3.130026111008455140e-05 4.266659497714333285e-08
5.376000000000000000e+03 3.118769943870426583e-05 4.210891932992964365e-08
5.478000000000000000e+03 3.103501432233985358e-05 4.130580253819066848e-08
5.581000000000000000e+03 3.094884276374994291e-05 4.101069576196315310e-08
5.683000000000000000e+03 3.079692673458369343e-05 4.044910375699288522e-08
5.785000000000000000e+03 3.065547424732804411e-05 3.990076160017923137e-08
5.888000000000000000e+03 3.060144112721924643e-05 3.929183817082247785e-08
5.990000000000000000e+03 3.043112499548301296e-05 3.892950378903488967e-08
6.092000000000000000e+03 3.053659095588102555e-05 3.871894461867490235e-08
