6.100000000000000000e+01 3.866053383313191401e-05 4.830446607824904985e-07
1.630000000000000000e+02 3.543056474639807486e-05 2.738797817403872783e-07
2.660000000000000000e+02 3.385514183965882679e-05 2.041575832143111050e-07
3.680000000000000000e+02 3.329838749203470750e-05 1.713909755180654324e-07
4.700000000000000000e+02 3.314323846003527799e-05 1.510861473959260274e-07
5.720000000000000000e+02 3.298724419806413512e-05 1.364179182084467794e-07
6.740000000000000000e+02 3.312989630798771713e-05 1.255830097693112685e-07
7.770000000000000000e+02 3.302666792023952797e-05 1.172179454415578223e-07
8.790000000000000000e+02 3.287314228187198902e-05 1.097071693362037568e-07
9.810000000000000000e+02 3.297530667523611785e-05 1.041391102825749746e-07
1.083000000000000000e+03 3.279985488819381367e-05 9.858617792088037689e-08
1.186000000000000000e+03 3.282704798908905072e-05 9.390549589919131883e-08
1.288000000000000000e+03 3.287252699301077333e-05 9.064641734209801943e-08
1.390000000000000000e+03 3.275986049305884264e-05 8.693299099575225756e-08
1.492000000000000000e+03 3.278566603113433636e-05 8.402312259608689315e-08
1.594000000000000000e+03 3.280116154956476816e-05 8.133186895319013160e-08
1.696000000000000000e+03 3.285342261465920897e-05 7.856022810127441230e-08
1.799000000000000000e+03 3.278125201314488685e-05 7.650984885652301776e-08
1.901000000000000000e+03 3.268364137925663595e-05 7.418509089954158619e-08
2.003000000000000000e+03 3.275409308920147289e-05 7.244234070213134882e-08
2.106000000000000000e+03 3.294932902688298170e-05 7.069634730545154351e-08
2.208000000000000000e+03 3.264990144558109573e-05 6.880058156413876320e-08
2.310000000000000000e+03 3.280165961316089862e-05 6.753643308452864623e-08
2.412000000000000000e+03 3.274415568572749702e-05 6.601285567557075476e-08
2.514000000000000000e+03 3.275468880216768607e-05 6.467861126193535498e-08
2.616000000000000000e+03 3.277628951909726025e-05 6.310435380102617124e-08
2.719000000000000000e+03 3.277598700021269713e-05 6.223746062590229528e-08
2.821000000000000000e+03 3.291299568226192633e-05 6.133029067721520311e-08
2.923000000000000000e+03 3.268367597497027924e-05 5.984538371778125552e-08
3.025000000000000000e+03 3.264023247690595015e-05 5.873639888566460307e-08
3.128000000000000000e+03 3.274969102561187540e-05 5.769389105418921271e-08
3.230000000000000000e+03 3.271602657194790586e-05 5.699038660465102840e-08
3.332000000000000000e+03 3.273738102908339533e-05 5.613180700914611352e-08
3.434000000000000000e+03 3.270998272116015923e-05 5.525485304843524007e-08
3.536000000000000000e+03 3.281399428936967517e-05 5.436250157358750274e-08
3.639000000000000000e+03 3.268233239932065020e-05 5.363528827650606661e-08
3.741000000000000000e+03 3.277539719592522229e-05 5.303011281434001165e-08
3.843000000000000000e+03 3.274017270908680685e-05 5.229686825929858896e-08
3.945000000000000000e+03 3.278238924352579040e-05 5.167068116197361145e-08
4.048000000000000000e+03 3.267462121628432481e-05 5.059842856355216747e-08
4.150000000000000000e+03 3.265085303943452094e-05 5.018317514863486630e-08
4.252000000000000000e+03 3.260799990084455816e-05 4.949461558546815458e-08
4.354000000000000000e+03 3.256612758605870840e-05 4.886149833826333856e-08
4.456000000000000000e+03 3.247590305103339634e-05 4.793110532667479103e-08
4.559000000000000000e+03 3.237597955351997019e-05 4.746755890855616298e-08
4.661000000000000000e+03 3.220079043925919528e-05 4.669410953198138454e-08
4.763000000000000000e+03 3.203247293406565586e-05 4.594831754615508589e-08
4.865000000000000000e+03 3.192405089962586473e-05 4.531470537284210656e-08
4.968000000000000000e+03 3.168316998898265577e-05 4.429547431296224238e-08
5.070000000000000000e+03 3.160864433551429178e-05 4.394890761721211546e-08
5.172000000000000000e+03 3.151783955979563673e-05 4.338649852179352637e-08
5.274000000000000000e+03 3.139077582849490885e-05 4.279576236082256748e-08
5.376000000000000000e+03 3.121231318876315733e-05 4.215386747172140529e-08
5.478000000000000000e+03 3.107357946052194988e-05 4.135447357184914423e-08
5.581000000000000000e+03 3.099054983077787834e-05 4.106571229069807396e-08
5.683000000000000000e+03 3.082489515811142873e-05 4.048434786338570099e-08
5.785000000000000000e+03 3.067097628248429455e-05 3.992318256445470063e-08
5.888000000000000000e+03 3.058679904344469312e-05 3.927349106955970687e-08
5.990000000000000000e+03 3.051584536403282924e-05 3.902745583056330360e-08
6.092000000000000000e+03 3.049952404149128951e-05 3.868539516958354869e-08
