6.100000000000000000e+01 3.884646948036618428e-05 4.833907479874105522e-07
1.630000000000000000e+02 3.527574812741640463e-05 2.725725939664020126e-07
2.660000000000000000e+02 3.424500419901507255e-05 2.065477344751489739e-07
3.680000000000000000e+02 3.311497432856887728e-05 1.706350398431161625e-07
4.700000000000000000e+02 3.322891687066341826e-05 1.513697294564139176e-07
5.720000000000000000e+02 3.292697072240695306e-05 1.362108016132937495e-07
6.740000000000000000e+02 3.305165266623981863e-05 1.251780777789548966e-07
7.770000000000000000e+02 3.268491744169591749e-05 1.160059623032851308e-07
8.790000000000000000e+02 3.296234698510682609e-05 1.100147116964485217e-07
9.810000000000000000e+02 3.284732792948906384e-05 1.037239817186850955e-07
1.083000000000000000e+03 3.298692944626420773e-05 9.915516875306027066e-08
1.186000000000000000e+03 3.269078206954203472e-05 9.349982094524603930e-08
1.288000000000000000e+03 3.292685265775407055e-05 9.079338585341433938e-08
1.390000000000000000e+03 3.278819704916887079e-05 8.706409198979320748e-08
1.492000000000000000e+03 3.269263833124456340e-05 8.374922161887897030e-08
1.594000000000000000e+03 3.287821432501227936e-05 8.150659053541816657e-08
1.696000000000000000e+03 3.276401843077852343e-05 7.831783892292387818e-08
1.799000000000000000e+03 3.282112689825380988e-05 7.659268325213474021e-08
1.901000000000000000e+03 3.280495962617753898e-05 7.445996949749572219e-08
2.003000000000000000e+03 3.263724800830575891e-05 7.219165973103535458e-08
2.106000000000000000e+03 3.272907072520679650e-05 7.024509061634578749e-08
2.208000000000000000e+03 3.267351297187956363e-05 6.882258055892520409e-08
2.310000000000000000e+03 3.272925699294410804e-05 6.741053744047704635e-08
2.412000000000000000e+03 3.275810292521822125e-05 6.601389284303030964e-08
2.514000000000000000e+03 3.262298005361680727e-05 6.440405699908166458e-08
2.616000000000000000e+03 3.277196265708890561e-05 6.309881548388998309e-08
2.719000000000000000e+03 3.260037123689063385e-05 6.191091691147062534e-08
2.821000000000000000e+03 3.265088460408678008e-05 6.086272828425849969e-08
2.923000000000000000e+03 3.259792374673713594e-05 5.966464529715234769e-08
3.025000000000000000e+03 3.275236009296563926e-05 5.894718437164515941e-08
3.128000000000000000e+03 3.267813132705983735e-05 5.756875680423203412e-08
3.230000000000000000e+03 3.265914201256483454e-05 5.688459830180644880e-08
3.332000000000000000e+03 3.276335494058024809e-05 5.618383832166270395e-08
3.434000000000000000e+03 3.260057986261552450e-05 5.508892900176655176e-08
3.536000000000000000e+03 3.266607318894461224e-05 5.409951710234161394e-08
3.639000000000000000e+03 3.263459219475947041e-05 5.355212019770114990e-08
3.741000000000000000e+03 3.258590726433230637e-05 5.274598359807162629e-08
3.843000000000000000e+03 3.270817215413131560e-05 5.223181975171488643e-08
3.945000000000000000e+03 3.275254867575627833e-05 5.161818066611959110e-08
4.048000000000000000e+03 3.273886288712066727e-05 5.068919631701198128e-08
4.150000000000000000e+03 3.260859334002164995e-05 5.012518576758113431e-08
4.252000000000000000e+03 3.258379063512085262e-05 4.947496509922449347e-08
4.354000000000000000e+03 3.240851113514915834e-05 4.861605563605587106e-08
4.456000000000000000e+03 3.237261165444072733e-05 4.776662830686063515e-08
4.559000000000000000e+03 3.228897125579768476e-05 4.734551569026032421e-08
4.661000000000000000e+03 3.212544942078868513e-05 4.658870891274690221e-08
4.763000000000000000e+03 3.201070492540144445e-05 4.592612162171494310e-08
4.865000000000000000e+03 3.187618370944288551e-05 4.523729260627413251e-08
4.968000000000000000e+03 3.169102421841486306e-05 4.430375817360483528e-08
5.070000000000000000e+03 3.158035259696060021e-05 4.391239054314767649e-08
5.172000000000000000e+03 3.132161885510684261e-05 4.310613061698092703e-08
5.274000000000000000e+03 3.120845136273569707e-05 4.254775960139163645e-08
5.376000000000000000e+03 3.117475703176723288e-05 4.209341862144642049e-08
5.478000000000000000e+03 3.098234370627587245e-05 4.123561426934436945e-08
5.581000000000000000e+03 3.086128841667073569e-05 4.090605818609189553e-08
5.683000000000000000e+03 3.066674573445580274e-05 4.027243430798126989e-08
5.785000000000000000e+03 3.063243116341013807e-05 3.987755285894722429e-08
5.888000000000000000e+03 3.050321896949532635e-05 3.916637174231834423e-08
5.990000000000000000e+03 3.042722559738634467e-05 3.892035558801185134e-08
6.092000000000000000e+03 3.042848296789551528e-05 3.858674400620219807e-08
