6.100000000000000000e+01 3.852556785771188360e-05 4.834154884704599541e-07
1.630000000000000000e+02 3.546504521688263354e-05 2.733754209170606941e-07
2.660000000000000000e+02 3.364476667647016509e-05 2.029398703187354484e-07
3.680000000000000000e+02 3.359587234732763344e-05 1.728424985386076710e-07
4.700000000000000000e+02 3.317170614914661435e-05 1.514788078513759671e-07
5.720000000000000000e+02 3.320051611193967857e-05 1.372841974070752732e-07
6.740000000000000000e+02 3.314463482245844192e-05 1.255962697135496652e-07
7.770000000000000000e+02 3.317270947249129488e-05 1.177838590057231327e-07
8.790000000000000000e+02 3.304728848645275467e-05 1.102186975181858540e-07
9.810000000000000000e+02 3.299745979809315719e-05 1.042720635469670250e-07
1.083000000000000000e+03 3.281747859411023933e-05 9.865366981087790991e-08
1.186000000000000000e+03 3.287636771150080346e-05 9.405984814887514712e-08
1.288000000000000000e+03 3.275754403084174326e-05 9.031066670363566903e-08
1.390000000000000000e+03 3.267216290282025636e-05 8.671111584764790140e-08
1.492000000000000000e+03 3.290134439714530553e-05 8.426553802961805542e-08
1.594000000000000000e+03 3.281621892653836862e-05 8.137782506273200419e-08
1.696000000000000000e+03 3.280704702131104542e-05 7.842686814235426529e-08
1.799000000000000000e+03 3.287962988590123812e-05 7.673805065732940166e-08
1.901000000000000000e+03 3.264323778646043602e-05 7.410637031485139186e-08
2.003000000000000000e+03 3.279573662257284178e-05 7.254069244618434117e-08
2.106000000000000000e+03 3.267727900477951781e-05 7.012854398319541465e-08
2.208000000000000000e+03 3.283462439297852149e-05 6.914844125939476409e-08
2.310000000000000000e+03 3.282817349412732005e-05 6.760301694245498573e-08
2.412000000000000000e+03 3.271874710297918004e-05 6.594239113367414528e-08
2.514000000000000000e+03 3.282663527573423975e-05 6.481321568401711398e-08
2.616000000000000000e+03 3.274446260228140227e-05 6.306571247914295822e-08
2.719000000000000000e+03 3.272306427200689753e-05 6.211566366871535308e-08
2.821000000000000000e+03 3.283106729808725325e-05 6.118854990083852951e-08
2.923000000000000000e+03 3.270263183125474859e-05 5.987627642081379820e-08
3.025000000000000000e+03 3.281516999963103424e-05 5.905627441726864367e-08
3.128000000000000000e+03 3.265273909720643611e-05 5.751045350540331658e-08
3.230000000000000000e+03 3.273090319341410206e-05 5.703190312641844607e-08
3.332000000000000000e+03 3.269959149742001340e-05 5.607032294834010132e-08
3.434000000000000000e+03 3.268735216294957953e-05 5.522217522439597761e-08
3.536000000000000000e+03 3.269689697035348813e-05 5.415473682216763939e-08
3.639000000000000000e+03 3.279921901878693458e-05 5.382053679982760289e-08
3.741000000000000000e+03 3.268315614176513158e-05 5.290393271637476666e-08
3.843000000000000000e+03 3.273655886397649226e-05 5.228918419607598262e-08
3.945000000000000000e+03 3.278703317380529246e-05 5.166785966295984457e-08
4.048000000000000000e+03 3.272343991391787307e-05 5.067783480837031922e-08
4.150000000000000000e+03 3.268856459939435981e-05 5.022491326739818021e-08
4.252000000000000000e+03 3.258772318394645477e-05 4.947997727396589782e-08
4.354000000000000000e+03 3.254858004400858001e-05 4.882683352013334708e-08
4.456000000000000000e+03 3.250365561581563493e-05 4.797085147502118751e-08
4.559000000000000000e+03 3.229910549446503494e-05 4.735597348714753283e-08
4.661000000000000000e+03 3.217501147090407696e-05 4.666716754123672937e-08
4.763000000000000000e+03 3.210288269058832476e-05 4.604144919315927529e-08
4.865000000000000000e+03 3.204467924425759425e-05 4.548546465020190821e-08
4.968000000000000000e+03 3.178880561623105501e-05 4.444097278332404412e-08
5.070000000000000000e+03 3.155718368623124711e-05 4.387887236080861707e-08
5.172000000000000000e+03 3.151704704784885581e-05 4.338845439515477672e-08
5.274000000000000000e+03 3.133966587242037976e-05 4.271785818284873117e-08
5.376000000000000000e+03 3.115443174596170902e-05 4.206611118494728153e-08
5.478000000000000000e+03 3.098899245715803618e-05 4.124713219801911202e-08
5.581000000000000000e+03 3.089661397492937981e-05 4.094102064309108636e-08
5.683000000000000000e+03 3.087767697201464255e-05 4.055977376174815547e-08
5.785000000000000000e+03 3.061809532234561544e-05 3.985154606856451060e-08
5.888000000000000000e+03 3.057009956406785356e-05 3.924763930859867577e-08
5.990000000000000000e+03 3.045471501722451257e-05 3.896329135008608861e-08
6.092000000000000000e+03 3.052943307384482335e-05 3.871035613274141327e-08
