6.100000000000000000e+01 3.807650980850866743e-05 4.769469700618314592e-07
1.630000000000000000e+02 3.536610956833470429e-05 2.732498036225725664e-07
2.660000000000000000e+02 3.364808204236958891e-05 2.028319330877357731e-07
3.680000000000000000e+02 3.311939339259400538e-05 1.706758604819249085e-07
4.700000000000000000e+02 3.337359152267749978e-05 1.521609365804995394e-07
5.720000000000000000e+02 3.326671593097328098e-05 1.375288761886386449e-07
6.740000000000000000e+02 3.300962354921707046e-05 1.251155653878095123e-07
7.770000000000000000e+02 3.285664476016944763e-05 1.166020511053815797e-07
8.790000000000000000e+02 3.299743799498216411e-05 1.100887750097366223e-07
9.810000000000000000e+02 3.319150955527028039e-05 1.048008666881504148e-07
1.083000000000000000e+03 3.286633494454003986e-05 9.887656154597898995e-08
1.186000000000000000e+03 3.278078415279646904e-05 9.375163971498190581e-08
1.288000000000000000e+03 3.304243538209479021e-05 9.107286136807605925e-08
1.390000000000000000e+03 3.286325838483532432e-05 8.722655674552964892e-08
1.492000000000000000e+03 3.274385350566960434e-05 8.390849799720655741e-08
1.594000000000000000e+03 3.273974154412642311e-05 8.116745025851611581e-08
1.696000000000000000e+03 3.283437173296911135e-05 7.848985679543555525e-08
1.799000000000000000e+03 3.270116651787079219e-05 7.630668354412062240e-08
1.901000000000000000e+03 3.277062195680161900e-05 7.437262318168239568e-08
2.003000000000000000e+03 3.285890207441386060e-05 7.268391061714867718e-08
2.106000000000000000e+03 3.276849249232426120e-05 7.034740374846031582e-08
2.208000000000000000e+03 3.290934433203964669e-05 6.933506387779361912e-08
2.310000000000000000e+03 3.281775124749232279e-05 6.758890043003124736e-08
2.412000000000000000e+03 3.280387317076545283e-05 6.609993353318843164e-08
2.514000000000000000e+03 3.286058598062829226e-05 6.486953758413809975e-08
2.616000000000000000e+03 3.283336419226828444e-05 6.324013150886310433e-08
2.719000000000000000e+03 3.284646880877073818e-05 6.234429338130644922e-08
2.821000000000000000e+03 3.270904404646685369e-05 6.096497079328791332e-08
2.923000000000000000e+03 3.285460211126561196e-05 6.016290857466798561e-08
3.025000000000000000e+03 3.279646522034021310e-05 5.902505970694391156e-08
3.128000000000000000e+03 3.285773732547286066e-05 5.786713829293131223e-08
3.230000000000000000e+03 3.276897764213895152e-05 5.707509218100991124e-08
3.332000000000000000e+03 3.276889691855298698e-05 5.620823600980644313e-08
3.434000000000000000e+03 3.271750334364853215e-05 5.526180867138388426e-08
3.536000000000000000e+03 3.274295141004921969e-05 5.424057388848285722e-08
3.639000000000000000e+03 3.268939684846026029e-05 5.365014064769466085e-08
3.741000000000000000e+03 3.275636964213892198e-05 5.299539207803891721e-08
3.843000000000000000e+03 3.273632443229468190e-05 5.229848448563701462e-08
3.945000000000000000e+03 3.280300836102504524e-05 5.168374293775033332e-08
4.048000000000000000e+03 3.276895144671304361e-05 5.074657577921201632e-08
4.150000000000000000e+03 3.272643866739290169e-05 5.029451999572324519e-08
4.252000000000000000e+03 3.260821971444037066e-05 4.949956111556596146e-08
4.354000000000000000e+03 3.259473601891486232e-05 4.891340118383809999e-08
4.456000000000000000e+03 3.255881521359302376e-05 4.804887133160294086e-08
4.559000000000000000e+03 3.235015860498406600e-05 4.741521192661170836e-08
4.661000000000000000e+03 3.214534033530188999e-05 4.662499573295120546e-08
4.763000000000000000e+03 3.204443094574497744e-05 4.597630295225560640e-08
4.865000000000000000e+03 3.188802579888699011e-05 4.525604202522922562e-08
4.968000000000000000e+03 3.178772798409778703e-05 4.442950505651315730e-08
5.070000000000000000e+03 3.168873006500286260e-05 4.405893343628948511e-08
5.172000000000000000e+03 3.147970991618433839e-05 4.334503873837908876e-08
5.274000000000000000e+03 3.141496170299619726e-05 4.282796413295813293e-08
5.376000000000000000e+03 3.119171404509165648e-05 4.211463850965218776e-08
5.478000000000000000e+03 3.112405975729157193e-05 4.142007351915721671e-08
5.581000000000000000e+03 3.092769529596327798e-05 4.100003042722546497e-08
5.683000000000000000e+03 3.078087175442866067e-05 4.042076487367252320e-08
5.785000000000000000e+03 3.073153944113022777e-05 3.999390249164088100e-08
5.888000000000000000e+03 3.057923000090174683e-05 3.926853066135667618e-08
5.990000000000000000e+03 3.044471201256344296e-05 3.894923459080408646e-08
6.092000000000000000e+03 3.057617548834123868e-05 3.876791369496896253e-08
