# k[h/Mpc]   P_Zel   P_A    P_W    P_d    P_dd     P_d^2    P_d^2d^2  P_dd^2    P_s^2    P_ds^2    P_d^2s^2   P_s^2s^2   P_D2d     P_dD2d
# 
1.0000e-03 1.0936e+03 4.8343e-02 -3.5330e-03 2.1614e+03 2.3292e+03 -4.1803e-03 1.4577e+02 3.0038e-02 2.5999e-02 1.9543e-02 3.8860e+02 2.5901e+02 0.0000e+00 0.0000e+00
1.0842e-03 1.1782e+03 5.0338e-02 -4.4578e-03 2.3342e+03 2.3533e+03 -4.8954e-03 1.4577e+02 3.5317e-02 3.0563e-02 2.2945e-02 3.8858e+02 2.5898e+02 0.0000e+00 0.0000e+00
1.1756e-03 1.2691e+03 5.2639e-02 -5.6255e-03 2.5195e+03 2.3810e+03 -5.7291e-03 1.4577e+02 4.1526e-02 3.5925e-02 2.6932e-02 3.8855e+02 2.5895e+02 0.0000e+00 0.0000e+00
1.2746e-03 1.3666e+03 5.5333e-02 -7.0994e-03 2.7180e+03 2.4127e+03 -6.6997e-03 1.4577e+02 4.8827e-02 4.2224e-02 3.1605e-02 3.8852e+02 2.5891e+02 0.0000e+00 0.0000e+00
1.3819e-03 1.4711e+03 5.8533e-02 -8.9594e-03 2.9304e+03 2.4489e+03 -7.8277e-03 1.4577e+02 5.7414e-02 4.9621e-02 3.7078e-02 3.8848e+02 2.5886e+02 0.0000e+00 0.0000e+00
1.4983e-03 1.5830e+03 6.2389e-02 -1.1306e-02 3.1572e+03 2.4902e+03 -9.1361e-03 1.4577e+02 6.7514e-02 5.8306e-02 4.3483e-02 3.8844e+02 2.5880e+02 0.0000e+00 0.0000e+00
1.6246e-03 1.7026e+03 6.7098e-02 -1.4263e-02 3.3993e+03 2.5372e+03 -1.0650e-02 1.4576e+02 7.9395e-02 6.8496e-02 5.0975e-02 3.8839e+02 2.5874e+02 0.0000e+00 0.0000e+00
1.7614e-03 1.8303e+03 7.2920e-02 -1.7987e-02 3.6570e+03 2.5906e+03 -1.2398e-02 1.4576e+02 9.3372e-02 8.0447e-02 5.9731e-02 3.8832e+02 2.5866e+02 0.0000e+00 0.0000e+00
1.9098e-03 1.9663e+03 8.0198e-02 -2.2670e-02 3.9311e+03 2.6512e+03 -1.4408e-02 1.4576e+02 1.0982e-01 9.4454e-02 6.9955e-02 3.8825e+02 2.5857e+02 0.0000e+00 0.0000e+00
2.0706e-03 2.1110e+03 8.9379e-02 -2.8552e-02 4.2219e+03 2.7197e+03 -1.6711e-02 1.4576e+02 1.2917e-01 1.1085e-01 8.1878e-02 3.8817e+02 2.5846e+02 0.0000e+00 0.0000e+00
2.2450e-03 2.2643e+03 1.0105e-01 -3.5924e-02 4.5298e+03 2.7970e+03 -1.9337e-02 1.4575e+02 1.5195e-01 1.3004e-01 9.5767e-02 3.8807e+02 2.5834e+02 0.0000e+00 0.0000e+00
2.4341e-03 2.4266e+03 1.1597e-01 -4.5144e-02 4.8551e+03 2.8838e+03 -2.2315e-02 1.4575e+02 1.7876e-01 1.5245e-01 1.1192e-01 3.8795e+02 2.5819e+02 0.0000e+00 0.0000e+00
2.6392e-03 2.5977e+03 1.3514e-01 -5.6646e-02 5.1980e+03 2.9811e+03 -2.5668e-02 1.4574e+02 2.1033e-01 1.7858e-01 1.3068e-01 3.8781e+02 2.5802e+02 0.0000e+00 0.0000e+00
2.8615e-03 2.7777e+03 1.5979e-01 -7.0957e-02 5.5584e+03 3.0898e+03 -2.9411e-02 1.4574e+02 2.4751e-01 2.0901e-01 1.5242e-01 3.8765e+02 2.5783e+02 0.0000e+00 0.0000e+00
3.1025e-03 2.9663e+03 1.9155e-01 -8.8712e-02 5.9362e+03 3.2106e+03 -3.3545e-02 1.4573e+02 2.9130e-01 2.4435e-01 1.7755e-01 3.8746e+02 2.5760e+02 0.0000e+00 0.0000e+00
3.3638e-03 3.1635e+03 2.3242e-01 -1.1067e-01 6.3311e+03 3.3444e+03 -3.8047e-02 1.4572e+02 3.4290e-01 2.8527e-01 2.0654e-01 3.8724e+02 2.5733e+02 0.0000e+00 0.0000e+00
3.6472e-03 3.3690e+03 2.8486e-01 -1.3776e-01 6.7425e+03 3.4917e+03 -4.2861e-02 1.4571e+02 4.0373e-01 3.3252e-01 2.3989e-01 3.8699e+02 2.5702e+02 0.0000e+00 0.0000e+00
3.9544e-03 3.5825e+03 3.5191e-01 -1.7107e-01 7.1695e+03 3.6531e+03 -4.7884e-02 1.4570e+02 4.7545e-01 3.8683e-01 2.7810e-01 3.8668e+02 2.5666e+02 0.0000e+00 0.0000e+00
4.2875e-03 3.8037e+03 4.3714e-01 -2.1191e-01 7.6111e+03 3.8289e+03 -5.2941e-02 1.4568e+02 5.6005e-01 4.4897e-01 3.2172e-01 3.8633e+02 2.5624e+02 0.0000e+00 0.0000e+00
4.6486e-03 4.0319e+03 5.4474e-01 -2.6183e-01 8.0660e+03 4.0189e+03 -5.7764e-02 1.4567e+02 6.5987e-01 5.1968e-01 3.7131e-01 3.8592e+02 2.5576e+02 0.0000e+00 0.0000e+00
5.0402e-03 4.2660e+03 6.7948e-01 -3.2261e-01 8.5322e+03 4.2228e+03 -6.1950e-02 1.4565e+02 7.7770e-01 5.9959e-01 4.2738e-01 3.8543e+02 2.5520e+02 0.0000e+00 0.0000e+00
5.4648e-03 4.5045e+03 8.4664e-01 -3.9624e-01 9.0076e+03 4.4397e+03 -6.4919e-02 1.4562e+02 9.1686e-01 6.8919e-01 4.9041e-01 3.8487e+02 2.5455e+02 0.0000e+00 0.0000e+00
5.9251e-03 4.7453e+03 1.0520e+00 -4.8492e-01 9.4891e+03 4.6680e+03 -6.5853e-02 1.4560e+02 1.0813e+00 7.8874e-01 5.6079e-01 3.8422e+02 2.5381e+02 0.0000e+00 0.0000e+00
6.4242e-03 4.9864e+03 1.3016e+00 -5.9105e-01 9.9732e+03 4.9057e+03 -6.3616e-02 1.4557e+02 1.2755e+00 8.9814e-01 6.3876e-01 3.8346e+02 2.5297e+02 0.0000e+00 0.0000e+00
6.9653e-03 5.2256e+03 1.6020e+00 -7.1726e-01 1.0456e+04 5.1500e+03 -5.6665e-02 1.4553e+02 1.5052e+00 1.0168e+00 7.2435e-01 3.8257e+02 2.5200e+02 0.0000e+00 0.0000e+00
7.5520e-03 5.4617e+03 1.9607e+00 -8.6650e-01 1.0931e+04 5.3970e+03 -4.2928e-02 1.4549e+02 1.7767e+00 1.1437e+00 8.1731e-01 3.8155e+02 2.5089e+02 0.0000e+00 0.0000e+00
8.1881e-03 5.6927e+03 2.3859e+00 -1.0419e+00 1.1393e+04 5.6426e+03 -1.9663e-02 1.4544e+02 2.0977e+00 1.2769e+00 9.1702e-01 3.8036e+02 2.4963e+02 0.0000e+00 0.0000e+00
8.8778e-03 5.9152e+03 2.8881e+00 -1.2464e+00 1.1835e+04 5.8816e+03 1.6706e-02 1.4538e+02 2.4771e+00 1.4140e+00 1.0224e+00 3.7899e+02 2.4821e+02 0.0000e+00 0.0000e+00
9.6256e-03 6.1235e+03 3.4801e+00 -1.4818e+00 1.2250e+04 6.1081e+03 7.0788e-02 1.4531e+02 2.9254e+00 1.5514e+00 1.1317e+00 3.7742e+02 2.4660e+02 0.0000e+00 0.0000e+00
1.0436e-02 6.3119e+03 4.1767e+00 -1.7495e+00 1.2632e+04 6.3162e+03 1.4844e-01 1.4523e+02 3.4548e+00 1.6848e+00 1.2426e+00 3.7561e+02 2.4479e+02 0.0000e+00 0.0000e+00
1.1315e-02 6.4788e+03 4.9922e+00 -2.0510e+00 1.2972e+04 6.4995e+03 2.5700e-01 1.4514e+02 4.0791e+00 1.8088e+00 1.3520e+00 3.7354e+02 2.4277e+02 0.0000e+00 0.0000e+00
1.2269e-02 6.6234e+03 5.9378e+00 -2.3874e+00 1.3261e+04 6.6521e+03 4.0555e-01 1.4503e+02 4.8143e+00 1.9169e+00 1.4557e+00 3.7119e+02 2.4051e+02 0.0000e+00 0.0000e+00
1.3302e-02 6.7391e+03 7.0188e+00 -2.7562e+00 1.3491e+04 6.7687e+03 6.0512e-01 1.4490e+02 5.6784e+00 2.0009e+00 1.5488e+00 3.6850e+02 2.3802e+02 0.0000e+00 0.0000e+00
1.4422e-02 6.8154e+03 8.2359e+00 -3.1507e+00 1.3648e+04 6.8446e+03 8.6884e-01 1.4476e+02 6.6911e+00 2.0509e+00 1.6255e+00 3.6547e+02 2.3527e+02 0.0000e+00 0.0000e+00
1.5637e-02 6.8497e+03 9.5891e+00 -3.5645e+00 1.3723e+04 6.8768e+03 1.2120e+00 1.4459e+02 7.8744e+00 2.0544e+00 1.6789e+00 3.6205e+02 2.3225e+02 0.0000e+00 0.0000e+00
1.6955e-02 6.8410e+03 1.1080e+01 -3.9887e+00 1.3707e+04 6.8629e+03 1.6520e+00 1.4439e+02 9.2512e+00 1.9970e+00 1.7017e+00 3.5822e+02 2.2895e+02 0.0000e+00 0.0000e+00
1.8383e-02 6.7829e+03 1.2706e+01 -4.4086e+00 1.3595e+04 6.8015e+03 2.2078e+00 1.4416e+02 1.0846e+01 1.8630e+00 1.6864e+00 3.5394e+02 2.2537e+02 0.0000e+00 0.0000e+00
1.9931e-02 6.6735e+03 1.4440e+01 -4.8077e+00 1.3381e+04 6.6917e+03 2.8998e+00 1.4390e+02 1.2682e+01 1.6383e+00 1.6255e+00 3.4919e+02 2.2150e+02 0.0000e+00 0.0000e+00
2.1610e-02 6.5088e+03 1.6239e+01 -5.1641e+00 1.3057e+04 6.5325e+03 3.7483e+00 1.4359e+02 1.4783e+01 1.3126e+00 1.5125e+00 3.4395e+02 2.1733e+02 0.0000e+00 0.0000e+00
2.3430e-02 6.2905e+03 1.8069e+01 -5.4568e+00 1.2626e+04 6.3233e+03 4.7725e+00 1.4324e+02 1.7168e+01 8.8066e-01 1.3427e+00 3.3819e+02 2.1287e+02 0.0000e+00 0.0000e+00
2.5404e-02 6.0242e+03 1.9900e+01 -5.6673e+00 1.2098e+04 6.0646e+03 5.9887e+00 1.4283e+02 1.9854e+01 3.3987e-01 1.1130e+00 3.3191e+02 2.0811e+02 0.0000e+00 0.0000e+00
2.7544e-02 5.7139e+03 2.1675e+01 -5.7751e+00 1.1484e+04 5.7601e+03 7.4090e+00 1.4236e+02 2.2849e+01 -3.1245e-01 8.2299e-01 3.2508e+02 2.0305e+02 0.0000e+00 0.0000e+00
2.9864e-02 5.3692e+03 2.3355e+01 -5.7678e+00 1.0800e+04 5.4188e+03 9.0397e+00 1.4182e+02 2.6156e+01 -1.0777e+00 4.7383e-01 3.1771e+02 1.9769e+02 0.0000e+00 0.0000e+00
3.2379e-02 5.0046e+03 2.4937e+01 -5.6452e+00 1.0077e+04 5.0555e+03 1.0881e+01 1.4120e+02 2.9768e+01 -1.9498e+00 6.7935e-02 3.0979e+02 1.9204e+02 0.0000e+00 0.0000e+00
3.5106e-02 4.6342e+03 2.6403e+01 -5.4138e+00 9.3417e+03 4.6885e+03 1.2927e+01 1.4049e+02 3.3676e+01 -2.9162e+00 -3.9255e-01 3.0130e+02 1.8610e+02 0.0000e+00 0.0000e+00
3.8064e-02 4.2741e+03 2.7802e+01 -5.0929e+00 8.6272e+03 4.3351e+03 1.5173e+01 1.3968e+02 3.7867e+01 -3.9745e+00 -9.0772e-01 2.9224e+02 1.7989e+02 0.0000e+00 0.0000e+00
4.1270e-02 3.9409e+03 2.9210e+01 -4.7119e+00 7.9671e+03 4.0082e+03 1.7616e+01 1.3875e+02 4.2331e+01 -5.1380e+00 -1.4824e+00 2.8261e+02 1.7344e+02 0.0000e+00 0.0000e+00
4.4746e-02 3.6448e+03 3.0729e+01 -4.2947e+00 7.3818e+03 3.7171e+03 2.0268e+01 1.3769e+02 4.7072e+01 -6.4196e+00 -2.1279e+00 2.7240e+02 1.6679e+02 0.0000e+00 0.0000e+00
4.8515e-02 3.3936e+03 3.2449e+01 -3.8611e+00 6.8861e+03 3.4693e+03 2.3159e+01 1.3648e+02 5.2107e+01 -7.8406e+00 -2.8602e+00 2.6163e+02 1.5999e+02 0.0000e+00 0.0000e+00
5.2602e-02 3.1829e+03 3.4436e+01 -3.3970e+00 6.4737e+03 3.2674e+03 2.6346e+01 1.3512e+02 5.7471e+01 -9.4392e+00 -3.6965e+00 2.5032e+02 1.5311e+02 0.0000e+00 0.0000e+00
5.7032e-02 3.0072e+03 3.6705e+01 -2.8761e+00 6.1328e+03 3.0992e+03 2.9898e+01 1.3359e+02 6.3209e+01 -1.1230e+01 -4.6484e+00 2.3854e+02 1.4619e+02 0.0000e+00 0.0000e+00
6.1836e-02 2.8401e+03 3.9010e+01 -2.2007e+00 5.8090e+03 2.9400e+03 3.3881e+01 1.3187e+02 6.9341e+01 -1.3206e+01 -5.7100e+00 2.2640e+02 1.3931e+02 0.0000e+00 0.0000e+00
6.7045e-02 2.6553e+03 4.0970e+01 -1.2673e+00 5.4505e+03 2.7653e+03 3.8299e+01 1.2994e+02 7.5820e+01 -1.5310e+01 -6.8460e+00 2.1407e+02 1.3249e+02 0.0000e+00 0.0000e+00
7.2692e-02 2.4392e+03 4.2203e+01 -3.0355e-02 5.0273e+03 2.5543e+03 4.3050e+01 1.2780e+02 8.2486e+01 -1.7423e+01 -7.9907e+00 2.0169e+02 1.2573e+02 0.0000e+00 0.0000e+00
7.8815e-02 2.1781e+03 4.2207e+01 1.5205e+00 4.5081e+03 2.2953e+03 4.7891e+01 1.2543e+02 8.9046e+01 -1.9390e+01 -9.0580e+00 1.8944e+02 1.1903e+02 0.0000e+00 0.0000e+00
8.5454e-02 1.8924e+03 4.1076e+01 3.2265e+00 3.9372e+03 2.0111e+03 5.2471e+01 1.2282e+02 9.5121e+01 -2.1071e+01 -9.9704e+00 1.7740e+02 1.1238e+02 0.0000e+00 0.0000e+00
9.2652e-02 1.6216e+03 3.9451e+01 4.8357e+00 3.3988e+03 1.7443e+03 5.6482e+01 1.1999e+02 1.0040e+02 -2.2412e+01 -1.0704e+01 1.6558e+02 1.0579e+02 0.0000e+00 0.0000e+00
1.0046e-01 1.4074e+03 3.8160e+01 6.1164e+00 2.9691e+03 1.5295e+03 5.9832e+01 1.1694e+02 1.0483e+02 -2.3487e+01 -1.1302e+01 1.5391e+02 9.9315e+01 0.0000e+00 0.0000e+00
1.0892e-01 1.2632e+03 3.7958e+01 7.0425e+00 2.6845e+03 1.3884e+03 6.2763e+01 1.1368e+02 1.0866e+02 -2.4453e+01 -1.1849e+01 1.4237e+02 9.3042e+01 0.0000e+00 0.0000e+00
1.1809e-01 1.1659e+03 3.8557e+01 7.8263e+00 2.4951e+03 1.2955e+03 6.5715e+01 1.1022e+02 1.1232e+02 -2.5434e+01 -1.2408e+01 1.3103e+02 8.7033e+01 0.0000e+00 0.0000e+00
1.2804e-01 1.0675e+03 3.8756e+01 8.7639e+00 2.3027e+03 1.2008e+03 6.8903e+01 1.0656e+02 1.1597e+02 -2.6389e+01 -1.2950e+01 1.2009e+02 8.1291e+01 0.0000e+00 0.0000e+00
1.3883e-01 9.3406e+02 3.7323e+01 9.9305e+00 2.0357e+03 1.0677e+03 7.1950e+01 1.0271e+02 1.1917e+02 -2.7107e+01 -1.3356e+01 1.0976e+02 7.5761e+01 0.0000e+00 0.0000e+00
1.5052e-01 7.8470e+02 3.4599e+01 1.1014e+01 1.7321e+03 9.1486e+02 7.4107e+01 9.8696e+01 1.2119e+02 -2.7396e+01 -1.3524e+01 1.0008e+02 7.0407e+01 0.0000e+00 0.0000e+00
1.6320e-01 6.6824e+02 3.2366e+01 1.1671e+01 1.4945e+03 7.9526e+02 7.5108e+01 9.4543e+01 1.2180e+02 -2.7311e+01 -1.3493e+01 9.0931e+01 6.5268e+01 0.0000e+00 0.0000e+00
1.7694e-01 5.9713e+02 3.1415e+01 1.1984e+01 1.3507e+03 7.2323e+02 7.5563e+01 9.0290e+01 1.2168e+02 -2.7095e+01 -1.3392e+01 8.2232e+01 6.0412e+01 0.0000e+00 0.0000e+00
1.9185e-01 5.3505e+02 3.0444e+01 1.2299e+01 1.2251e+03 6.6057e+02 7.6051e+01 8.5957e+01 1.2138e+02 -2.6853e+01 -1.3271e+01 7.4075e+01 5.5844e+01 0.0000e+00 0.0000e+00
2.0801e-01 4.5649e+02 2.8231e+01 1.2636e+01 1.0624e+03 5.7789e+02 7.6142e+01 8.1563e+01 1.2045e+02 -2.6428e+01 -1.3041e+01 6.6580e+01 5.1502e+01 0.0000e+00 0.0000e+00
2.2553e-01 3.8692e+02 2.5963e+01 1.2722e+01 9.1643e+02 5.0330e+02 7.5283e+01 7.7143e+01 1.1837e+02 -2.5719e+01 -1.2656e+01 5.9693e+01 4.7384e+01 0.0000e+00 0.0000e+00
2.4453e-01 3.3994e+02 2.4474e+01 1.2590e+01 8.1759e+02 4.5291e+02 7.3929e+01 7.2735e+01 1.1566e+02 -2.4888e+01 -1.2206e+01 5.3326e+01 4.3531e+01 0.0000e+00 0.0000e+00
2.6512e-01 2.9477e+02 2.2740e+01 1.2412e+01 7.2145e+02 4.0349e+02 7.2424e+01 6.8359e+01 1.1266e+02 -2.4031e+01 -1.1735e+01 4.7505e+01 3.9924e+01 0.0000e+00 0.0000e+00
2.8746e-01 2.5077e+02 2.0746e+01 1.2120e+01 6.2616e+02 3.5404e+02 7.0389e+01 6.4044e+01 1.0901e+02 -2.3043e+01 -1.1190e+01 4.2235e+01 3.6536e+01 0.0000e+00 0.0000e+00
3.1167e-01 2.1723e+02 1.9103e+01 1.1706e+01 5.5259e+02 3.1570e+02 6.7976e+01 5.9818e+01 1.0490e+02 -2.1976e+01 -1.0603e+01 3.7450e+01 3.3383e+01 0.0000e+00 0.0000e+00
3.3792e-01 1.8637e+02 1.7390e+01 1.1225e+01 4.8387e+02 2.7960e+02 6.5366e+01 5.5701e+01 1.0052e+02 -2.0897e+01 -1.0007e+01 3.3135e+01 3.0448e+01 0.0000e+00 0.0000e+00
3.6639e-01 1.5978e+02 1.5752e+01 1.0673e+01 4.2357e+02 2.4765e+02 6.2462e+01 5.1714e+01 9.5804e+01 -1.9770e+01 -9.3857e+00 2.9262e+01 2.7721e+01 0.0000e+00 0.0000e+00
3.9725e-01 1.3712e+02 1.4206e+01 1.0065e+01 3.7128e+02 2.1972e+02 5.9406e+01 4.7875e+01 9.0920e+01 -1.8645e+01 -8.7658e+00 2.5791e+01 2.5197e+01 0.0000e+00 0.0000e+00
4.3071e-01 1.1737e+02 1.2723e+01 9.4165e+00 3.2478e+02 1.9465e+02 5.6206e+01 4.4196e+01 8.5892e+01 -1.7520e+01 -8.1477e+00 2.2694e+01 2.2864e+01 0.0000e+00 0.0000e+00
4.6699e-01 1.0046e+02 1.1328e+01 8.7366e+00 2.8413e+02 1.7254e+02 5.2925e+01 4.0689e+01 8.0803e+01 -1.6414e+01 -7.5420e+00 1.9936e+01 2.0713e+01 0.0000e+00 0.0000e+00
5.0632e-01 8.5892e+01 1.0015e+01 8.0376e+00 2.4832e+02 1.5286e+02 4.9596e+01 3.7362e+01 7.5701e+01 -1.5333e+01 -6.9523e+00 1.7488e+01 1.8735e+01 0.0000e+00 0.0000e+00
5.4897e-01 7.3364e+01 8.7850e+00 7.3292e+00 2.1680e+02 1.3537e+02 4.6260e+01 3.4219e+01 7.0640e+01 -1.4286e+01 -6.3841e+00 1.5320e+01 1.6918e+01 0.0000e+00 0.0000e+00
5.9521e-01 6.2606e+01 7.6388e+00 6.6206e+00 1.8907e+02 1.1982e+02 4.2946e+01 3.1263e+01 6.5661e+01 -1.3277e+01 -5.8405e+00 1.3404e+01 1.5253e+01 0.0000e+00 0.0000e+00
6.4535e-01 5.3365e+01 6.5751e+00 5.9194e+00 1.6463e+02 1.0597e+02 3.9682e+01 2.8493e+01 6.0801e+01 -1.2311e+01 -5.3237e+00 1.1713e+01 1.3731e+01 0.0000e+00 0.0000e+00
6.9971e-01 4.5432e+01 5.5922e+00 5.2324e+00 1.4309e+02 9.3624e+01 3.6491e+01 2.5909e+01 5.6089e+01 -1.1390e+01 -4.8355e+00 1.0224e+01 1.2341e+01 0.0000e+00 0.0000e+00
7.5865e-01 3.8623e+01 4.6885e+00 4.5654e+00 1.2410e+02 8.2609e+01 3.3392e+01 2.3504e+01 5.1547e+01 -1.0515e+01 -4.3766e+00 8.9135e+00 1.1075e+01 0.0000e+00 0.0000e+00
8.2255e-01 3.2779e+01 3.8621e+00 3.9241e+00 1.0733e+02 7.2771e+01 3.0400e+01 2.1276e+01 4.7195e+01 -9.6867e+00 -3.9471e+00 7.7620e+00 9.9228e+00 0.0000e+00 0.0000e+00
8.9184e-01 2.7764e+01 3.1109e+00 3.3134e+00 9.2537e+01 6.3977e+01 2.7527e+01 1.9215e+01 4.3045e+01 -8.9032e+00 -3.5469e+00 6.7511e+00 8.8760e+00 0.0000e+00 0.0000e+00
9.6696e-01 2.3461e+01 2.4333e+00 2.7383e+00 7.9478e+01 5.6110e+01 2.4784e+01 1.7316e+01 3.9105e+01 -8.1637e+00 -3.1753e+00 5.8643e+00 7.9265e+00 0.0000e+00 0.0000e+00
1.0484e+00 1.9770e+01 1.8276e+00 2.2033e+00 6.7958e+01 4.9070e+01 2.2180e+01 1.5570e+01 3.5381e+01 -7.4667e+00 -2.8314e+00 5.0869e+00 7.0662e+00 0.0000e+00 0.0000e+00
1.1367e+00 1.6607e+01 1.2922e+00 1.7126e+00 5.7807e+01 4.2770e+01 1.9720e+01 1.3969e+01 3.1876e+01 -6.8100e+00 -2.5144e+00 4.4058e+00 6.2879e+00 0.0000e+00 0.0000e+00
1.2325e+00 1.3898e+01 8.2564e-01 1.2700e+00 4.8880e+01 3.7134e+01 1.7411e+01 1.2504e+01 2.8590e+01 -6.1919e+00 -2.2231e+00 3.8093e+00 5.5847e+00 0.0000e+00 0.0000e+00
1.3363e+00 1.1582e+01 4.2616e-01 8.7863e-01 4.1052e+01 3.2100e+01 1.5258e+01 1.1166e+01 2.5523e+01 -5.6104e+00 -1.9563e+00 3.2873e+00 4.9500e+00 0.0000e+00 0.0000e+00
1.4488e+00 9.6056e+00 9.1837e-02 5.4089e-01 3.4215e+01 2.7611e+01 1.3263e+01 9.9467e+00 2.2672e+01 -5.0637e+00 -1.7130e+00 2.8308e+00 4.3781e+00 0.0000e+00 0.0000e+00
1.5709e+00 7.9244e+00 -1.7980e-01 2.5797e-01 2.8276e+01 2.3620e+01 1.1431e+01 8.8384e+00 2.0034e+01 -4.5504e+00 -1.4919e+00 2.4318e+00 3.8633e+00 0.0000e+00 0.0000e+00
1.7032e+00 6.4993e+00 -3.9192e-01 2.9676e-02 2.3151e+01 2.0086e+01 9.7631e+00 7.8328e+00 1.7605e+01 -4.0694e+00 -1.2919e+00 2.0834e+00 3.4008e+00 0.0000e+00 0.0000e+00
1.8467e+00 5.2970e+00 -5.4854e-01 -1.4577e-01 1.8764e+01 1.6972e+01 8.2596e+00 6.9225e+00 1.5382e+01 -3.6200e+00 -1.1121e+00 1.7798e+00 2.9858e+00 0.0000e+00 0.0000e+00
2.0022e+00 4.2882e+00 -6.5462e-01 -2.7184e-01 1.5045e+01 1.4244e+01 6.9190e+00 6.1004e+00 1.3360e+01 -3.2016e+00 -9.5132e-01 1.5155e+00 2.6143e+00 0.0000e+00 0.0000e+00
2.1709e+00 3.4472e+00 -7.1602e-01 -3.5356e-01 1.1925e+01 1.1871e+01 5.7377e+00 5.3597e+00 1.1531e+01 -2.8140e+00 -8.0849e-01 1.2860e+00 2.2824e+00 0.0000e+00 0.0000e+00
2.3537e+00 2.7514e+00 -7.3932e-01 -3.9725e-01 9.3409e+00 9.8232e+00 4.7098e+00 4.6942e+00 9.8907e+00 -2.4571e+00 -6.8252e-01 1.0873e+00 1.9866e+00 0.0000e+00 0.0000e+00
2.5520e+00 2.1802e+00 -7.3158e-01 -4.1005e-01 7.2272e+00 8.0711e+00 3.8270e+00 4.0981e+00 8.4296e+00 -2.1308e+00 -5.7230e-01 9.1583e-01 1.7238e+00 0.0000e+00 0.0000e+00
2.7669e+00 1.7152e+00 -6.9996e-01 -3.9935e-01 5.5221e+00 6.5854e+00 3.0788e+00 3.5659e+00 7.1388e+00 -1.8348e+00 -4.7665e-01 7.6833e-01 1.4909e+00 0.0000e+00 0.0000e+00
3.0000e+00 1.3401e+00 -6.5133e-01 -3.7226e-01 4.1662e+00 5.3371e+00 2.4533e+00 3.0923e+00 6.0078e+00 -1.5687e+00 -3.9435e-01 6.4199e-01 1.2852e+00 0.0000e+00 0.0000e+00
