# k[h/Mpc]   R1   R2 
# 
1.0000e-04 2.8206e-04 -7.0510e-05
1.0093e-04 2.8988e-04 -7.2464e-05
1.0186e-04 2.9792e-04 -7.4473e-05
1.0280e-04 3.0618e-04 -7.6537e-05
1.0375e-04 3.1466e-04 -7.8658e-05
1.0472e-04 3.2338e-04 -8.0838e-05
1.0568e-04 3.3235e-04 -8.3079e-05
1.0666e-04 3.4156e-04 -8.5382e-05
1.0765e-04 3.5103e-04 -8.7748e-05
1.0865e-04 3.6076e-04 -9.0180e-05
1.0965e-04 3.7075e-04 -9.2679e-05
1.1067e-04 3.8103e-04 -9.5248e-05
1.1169e-04 3.9159e-04 -9.7888e-05
1.1273e-04 4.0245e-04 -1.0060e-04
1.1377e-04 4.1360e-04 -1.0339e-04
1.1482e-04 4.2506e-04 -1.0625e-04
1.1589e-04 4.3684e-04 -1.0920e-04
1.1696e-04 4.4895e-04 -1.1223e-04
1.1804e-04 4.6140e-04 -1.1534e-04
1.1913e-04 4.7418e-04 -1.1853e-04
1.2024e-04 4.8733e-04 -1.2182e-04
1.2135e-04 5.0083e-04 -1.2519e-04
1.2247e-04 5.1471e-04 -1.2866e-04
1.2361e-04 5.2898e-04 -1.3223e-04
1.2475e-04 5.4364e-04 -1.3589e-04
1.2591e-04 5.5871e-04 -1.3966e-04
1.2707e-04 5.7419e-04 -1.4353e-04
1.2825e-04 5.9010e-04 -1.4751e-04
1.2944e-04 6.0646e-04 -1.5159e-04
1.3063e-04 6.2327e-04 -1.5580e-04
1.3184e-04 6.4054e-04 -1.6011e-04
1.3306e-04 6.5829e-04 -1.6455e-04
1.3430e-04 6.7653e-04 -1.6911e-04
1.3554e-04 6.9528e-04 -1.7380e-04
1.3679e-04 7.1455e-04 -1.7861e-04
1.3806e-04 7.3436e-04 -1.8356e-04
1.3934e-04 7.5471e-04 -1.8865e-04
1.4063e-04 7.7562e-04 -1.9387e-04
1.4193e-04 7.9712e-04 -1.9925e-04
1.4324e-04 8.1921e-04 -2.0477e-04
1.4457e-04 8.4191e-04 -2.1044e-04
1.4591e-04 8.6524e-04 -2.1627e-04
1.4726e-04 8.8922e-04 -2.2227e-04
1.4862e-04 9.1386e-04 -2.2842e-04
1.5000e-04 9.3918e-04 -2.3475e-04
1.5139e-04 9.6521e-04 -2.4126e-04
1.5279e-04 9.9195e-04 -2.4794e-04
1.5420e-04 1.0194e-03 -2.5481e-04
1.5563e-04 1.0477e-03 -2.6187e-04
1.5707e-04 1.0767e-03 -2.6913e-04
1.5853e-04 1.1066e-03 -2.7659e-04
1.5999e-04 1.1372e-03 -2.8425e-04
1.6147e-04 1.1687e-03 -2.9212e-04
1.6297e-04 1.2011e-03 -3.0022e-04
1.6448e-04 1.2344e-03 -3.0854e-04
1.6600e-04 1.2686e-03 -3.1708e-04
1.6754e-04 1.3037e-03 -3.2587e-04
1.6909e-04 1.3399e-03 -3.3490e-04
1.7065e-04 1.3770e-03 -3.4417e-04
1.7223e-04 1.4152e-03 -3.5371e-04
1.7383e-04 1.4544e-03 -3.6351e-04
1.7544e-04 1.4947e-03 -3.7358e-04
1.7706e-04 1.5361e-03 -3.8393e-04
1.7870e-04 1.5786e-03 -3.9456e-04
1.8035e-04 1.6224e-03 -4.0549e-04
1.8202e-04 1.6673e-03 -4.1672e-04
1.8371e-04 1.7135e-03 -4.2827e-04
1.8541e-04 1.7610e-03 -4.4013e-04
1.8713e-04 1.8098e-03 -4.5232e-04
1.8886e-04 1.8599e-03 -4.6485e-04
1.9061e-04 1.9114e-03 -4.7773e-04
1.9237e-04 1.9644e-03 -4.9096e-04
1.9415e-04 2.0188e-03 -5.0456e-04
1.9595e-04 2.0747e-03 -5.1854e-04
1.9776e-04 2.1322e-03 -5.3290e-04
1.9960e-04 2.1913e-03 -5.4766e-04
2.0144e-04 2.2520e-03 -5.6283e-04
2.0331e-04 2.3143e-03 -5.7841e-04
2.0519e-04 2.3785e-03 -5.9443e-04
2.0709e-04 2.4443e-03 -6.1090e-04
2.0901e-04 2.5120e-03 -6.2781e-04
2.1094e-04 2.5816e-03 -6.4520e-04
2.1289e-04 2.6531e-03 -6.6307e-04
2.1487e-04 2.7266e-03 -6.8143e-04
2.1685e-04 2.8021e-03 -7.0030e-04
2.1886e-04 2.8798e-03 -7.1969e-04
2.2089e-04 2.9595e-03 -7.3962e-04
2.2293e-04 3.0415e-03 -7.6010e-04
2.2500e-04 3.1257e-03 -7.8115e-04
2.2708e-04 3.2123e-03 -8.0278e-04
2.2918e-04 3.3013e-03 -8.2501e-04
2.3130e-04 3.3927e-03 -8.4785e-04
2.3344e-04 3.4866e-03 -8.7133e-04
2.3561e-04 3.5832e-03 -8.9545e-04
2.3779e-04 3.6824e-03 -9.2024e-04
2.3999e-04 3.7844e-03 -9.4572e-04
2.4221e-04 3.8892e-03 -9.7190e-04
2.4445e-04 3.9969e-03 -9.9881e-04
2.4672e-04 4.1076e-03 -1.0265e-03
2.4900e-04 4.2213e-03 -1.0549e-03
2.5130e-04 4.3382e-03 -1.0841e-03
2.5363e-04 4.4583e-03 -1.1141e-03
2.5598e-04 4.5818e-03 -1.1449e-03
2.5835e-04 4.7086e-03 -1.1766e-03
2.6074e-04 4.8390e-03 -1.2092e-03
2.6315e-04 4.9730e-03 -1.2427e-03
2.6559e-04 5.1106e-03 -1.2770e-03
2.6805e-04 5.2521e-03 -1.3124e-03
2.7053e-04 5.3975e-03 -1.3487e-03
2.7303e-04 5.5469e-03 -1.3860e-03
2.7556e-04 5.7005e-03 -1.4244e-03
2.7811e-04 5.8583e-03 -1.4638e-03
2.8069e-04 6.0205e-03 -1.5043e-03
2.8329e-04 6.1871e-03 -1.5460e-03
2.8591e-04 6.3584e-03 -1.5887e-03
2.8856e-04 6.5344e-03 -1.6327e-03
2.9123e-04 6.7152e-03 -1.6779e-03
2.9392e-04 6.9011e-03 -1.7243e-03
2.9664e-04 7.0921e-03 -1.7720e-03
2.9939e-04 7.2884e-03 -1.8210e-03
3.0216e-04 7.4901e-03 -1.8714e-03
3.0496e-04 7.6974e-03 -1.9232e-03
3.0778e-04 7.9104e-03 -1.9764e-03
3.1063e-04 8.1293e-03 -2.0310e-03
3.1351e-04 8.3542e-03 -2.0872e-03
3.1641e-04 8.5854e-03 -2.1450e-03
3.1934e-04 8.8229e-03 -2.2043e-03
3.2230e-04 9.0671e-03 -2.2653e-03
3.2528e-04 9.3179e-03 -2.3279e-03
3.2829e-04 9.5757e-03 -2.3923e-03
3.3133e-04 9.8406e-03 -2.4584e-03
3.3440e-04 1.0113e-02 -2.5264e-03
3.3749e-04 1.0393e-02 -2.5963e-03
3.4062e-04 1.0680e-02 -2.6681e-03
3.4377e-04 1.0976e-02 -2.7418e-03
3.4695e-04 1.1279e-02 -2.8177e-03
3.5016e-04 1.1591e-02 -2.8955e-03
3.5341e-04 1.1912e-02 -2.9756e-03
3.5668e-04 1.2241e-02 -3.0579e-03
3.5998e-04 1.2580e-02 -3.1424e-03
3.6331e-04 1.2928e-02 -3.2292e-03
3.6668e-04 1.3285e-02 -3.3185e-03
3.7007e-04 1.3652e-02 -3.4102e-03
3.7350e-04 1.4030e-02 -3.5045e-03
3.7695e-04 1.4418e-02 -3.6013e-03
3.8044e-04 1.4817e-02 -3.7008e-03
3.8397e-04 1.5226e-02 -3.8031e-03
3.8752e-04 1.5647e-02 -3.9082e-03
3.9111e-04 1.6080e-02 -4.0162e-03
3.9473e-04 1.6524e-02 -4.1271e-03
3.9838e-04 1.6981e-02 -4.2412e-03
4.0207e-04 1.7450e-02 -4.3583e-03
4.0579e-04 1.7933e-02 -4.4787e-03
4.0955e-04 1.8428e-02 -4.6024e-03
4.1334e-04 1.8938e-02 -4.7295e-03
4.1717e-04 1.9461e-02 -4.8602e-03
4.2103e-04 1.9999e-02 -4.9944e-03
4.2493e-04 2.0551e-02 -5.1323e-03
4.2886e-04 2.1119e-02 -5.2740e-03
4.3283e-04 2.1703e-02 -5.4197e-03
4.3684e-04 2.2302e-02 -5.5693e-03
4.4088e-04 2.2918e-02 -5.7230e-03
4.4496e-04 2.3551e-02 -5.8810e-03
4.4908e-04 2.4202e-02 -6.0434e-03
4.5324e-04 2.4870e-02 -6.2102e-03
4.5744e-04 2.5557e-02 -6.3816e-03
4.6167e-04 2.6263e-02 -6.5577e-03
4.6594e-04 2.6988e-02 -6.7387e-03
4.7026e-04 2.7734e-02 -6.9246e-03
4.7461e-04 2.8499e-02 -7.1157e-03
4.7901e-04 2.9286e-02 -7.3120e-03
4.8344e-04 3.0095e-02 -7.5137e-03
4.8792e-04 3.0926e-02 -7.7210e-03
4.9243e-04 3.1779e-02 -7.9339e-03
4.9699e-04 3.2657e-02 -8.1527e-03
5.0159e-04 3.3558e-02 -8.3776e-03
5.0624e-04 3.4484e-02 -8.6086e-03
5.1092e-04 3.5436e-02 -8.8460e-03
5.1565e-04 3.6413e-02 -9.0899e-03
5.2043e-04 3.7418e-02 -9.3405e-03
5.2524e-04 3.8451e-02 -9.5979e-03
5.3011e-04 3.9511e-02 -9.8625e-03
5.3501e-04 4.0601e-02 -1.0134e-02
5.3997e-04 4.1721e-02 -1.0414e-02
5.4496e-04 4.2872e-02 -1.0701e-02
5.5001e-04 4.4054e-02 -1.0995e-02
5.5510e-04 4.5269e-02 -1.1298e-02
5.6024e-04 4.6518e-02 -1.1610e-02
5.6543e-04 4.7800e-02 -1.1929e-02
5.7066e-04 4.9118e-02 -1.2258e-02
5.7594e-04 5.0472e-02 -1.2595e-02
5.8128e-04 5.1863e-02 -1.2942e-02
5.8666e-04 5.3293e-02 -1.3299e-02
5.9209e-04 5.4761e-02 -1.3665e-02
5.9757e-04 5.6271e-02 -1.4041e-02
6.0310e-04 5.7821e-02 -1.4427e-02
6.0868e-04 5.9414e-02 -1.4824e-02
6.1432e-04 6.1051e-02 -1.5232e-02
6.2001e-04 6.2733e-02 -1.5651e-02
6.2575e-04 6.4461e-02 -1.6082e-02
6.3154e-04 6.6236e-02 -1.6524e-02
6.3739e-04 6.8060e-02 -1.6979e-02
6.4329e-04 6.9934e-02 -1.7446e-02
6.4924e-04 7.1859e-02 -1.7926e-02
6.5525e-04 7.3838e-02 -1.8418e-02
6.6132e-04 7.5870e-02 -1.8925e-02
6.6744e-04 7.7958e-02 -1.9445e-02
6.7362e-04 8.0104e-02 -1.9979e-02
6.7985e-04 8.2308e-02 -2.0529e-02
6.8615e-04 8.4573e-02 -2.1093e-02
6.9250e-04 8.6899e-02 -2.1672e-02
6.9891e-04 8.9290e-02 -2.2267e-02
7.0538e-04 9.1746e-02 -2.2879e-02
7.1191e-04 9.4269e-02 -2.3507e-02
7.1850e-04 9.6861e-02 -2.4153e-02
7.2515e-04 9.9524e-02 -2.4816e-02
7.3187e-04 1.0226e-01 -2.5497e-02
7.3864e-04 1.0507e-01 -2.6197e-02
7.4548e-04 1.0796e-01 -2.6916e-02
7.5238e-04 1.1093e-01 -2.7654e-02
7.5935e-04 1.1397e-01 -2.8413e-02
7.6638e-04 1.1710e-01 -2.9192e-02
7.7347e-04 1.2032e-01 -2.9993e-02
7.8063e-04 1.2363e-01 -3.0815e-02
7.8786e-04 1.2702e-01 -3.1660e-02
7.9515e-04 1.3051e-01 -3.2528e-02
8.0251e-04 1.3409e-01 -3.3419e-02
8.0994e-04 1.3777e-01 -3.4335e-02
8.1744e-04 1.4155e-01 -3.5276e-02
8.2501e-04 1.4544e-01 -3.6242e-02
8.3265e-04 1.4943e-01 -3.7234e-02
8.4035e-04 1.5353e-01 -3.8254e-02
8.4813e-04 1.5774e-01 -3.9301e-02
8.5599e-04 1.6207e-01 -4.0377e-02
8.6391e-04 1.6651e-01 -4.1482e-02
8.7191e-04 1.7108e-01 -4.2617e-02
8.7998e-04 1.7577e-01 -4.3783e-02
8.8813e-04 1.8058e-01 -4.4981e-02
8.9635e-04 1.8553e-01 -4.6211e-02
9.0465e-04 1.9062e-01 -4.7474e-02
9.1302e-04 1.9584e-01 -4.8772e-02
9.2147e-04 2.0120e-01 -5.0105e-02
9.3000e-04 2.0671e-01 -5.1474e-02
9.3861e-04 2.1237e-01 -5.2880e-02
9.4730e-04 2.1819e-01 -5.4325e-02
9.5607e-04 2.2416e-01 -5.5808e-02
9.6492e-04 2.3029e-01 -5.7332e-02
9.7385e-04 2.3659e-01 -5.8897e-02
9.8287e-04 2.4306e-01 -6.0504e-02
9.9197e-04 2.4971e-01 -6.2155e-02
1.0012e-03 2.5654e-01 -6.3850e-02
1.0104e-03 2.6356e-01 -6.5592e-02
1.0198e-03 2.7076e-01 -6.7380e-02
1.0292e-03 2.7816e-01 -6.9217e-02
1.0387e-03 2.8576e-01 -7.1103e-02
1.0484e-03 2.9357e-01 -7.3040e-02
1.0581e-03 3.0158e-01 -7.5030e-02
1.0679e-03 3.0982e-01 -7.7073e-02
1.0777e-03 3.1828e-01 -7.9171e-02
1.0877e-03 3.2697e-01 -8.1326e-02
1.0978e-03 3.3589e-01 -8.3539e-02
1.1080e-03 3.4505e-01 -8.5812e-02
1.1182e-03 3.5447e-01 -8.8146e-02
1.1286e-03 3.6413e-01 -9.0543e-02
1.1390e-03 3.7406e-01 -9.3004e-02
1.1496e-03 3.8426e-01 -9.5531e-02
1.1602e-03 3.9473e-01 -9.8127e-02
1.1709e-03 4.0549e-01 -1.0079e-01
1.1818e-03 4.1653e-01 -1.0353e-01
1.1927e-03 4.2788e-01 -1.0634e-01
1.2038e-03 4.3953e-01 -1.0923e-01
1.2149e-03 4.5149e-01 -1.1219e-01
1.2262e-03 4.6378e-01 -1.1523e-01
1.2375e-03 4.7640e-01 -1.1836e-01
1.2490e-03 4.8936e-01 -1.2156e-01
1.2605e-03 5.0267e-01 -1.2486e-01
1.2722e-03 5.1633e-01 -1.2824e-01
1.2840e-03 5.3036e-01 -1.3171e-01
1.2959e-03 5.4478e-01 -1.3528e-01
1.3079e-03 5.5957e-01 -1.3894e-01
1.3200e-03 5.7477e-01 -1.4270e-01
1.3322e-03 5.9038e-01 -1.4656e-01
1.3445e-03 6.0640e-01 -1.5052e-01
1.3570e-03 6.2285e-01 -1.5459e-01
1.3695e-03 6.3975e-01 -1.5876e-01
1.3822e-03 6.5710e-01 -1.6305e-01
1.3950e-03 6.7491e-01 -1.6745e-01
1.4079e-03 6.9320e-01 -1.7197e-01
1.4209e-03 7.1199e-01 -1.7661e-01
1.4341e-03 7.3127e-01 -1.8137e-01
1.4474e-03 7.5107e-01 -1.8626e-01
1.4608e-03 7.7140e-01 -1.9128e-01
1.4743e-03 7.9228e-01 -1.9644e-01
1.4879e-03 8.1371e-01 -2.0173e-01
1.5017e-03 8.3572e-01 -2.0716e-01
1.5156e-03 8.5831e-01 -2.1273e-01
1.5297e-03 8.8151e-01 -2.1845e-01
1.5438e-03 9.0532e-01 -2.2433e-01
1.5581e-03 9.2977e-01 -2.3035e-01
1.5725e-03 9.5488e-01 -2.3654e-01
1.5871e-03 9.8065e-01 -2.4289e-01
1.6018e-03 1.0071e+00 -2.4941e-01
1.6166e-03 1.0343e+00 -2.5610e-01
1.6316e-03 1.0622e+00 -2.6297e-01
1.6467e-03 1.0908e+00 -2.7002e-01
1.6619e-03 1.1202e+00 -2.7726e-01
1.6773e-03 1.1503e+00 -2.8468e-01
1.6928e-03 1.1813e+00 -2.9230e-01
1.7085e-03 1.2131e+00 -3.0013e-01
1.7243e-03 1.2457e+00 -3.0815e-01
1.7403e-03 1.2792e+00 -3.1639e-01
1.7564e-03 1.3136e+00 -3.2485e-01
1.7727e-03 1.3489e+00 -3.3352e-01
1.7891e-03 1.3851e+00 -3.4243e-01
1.8056e-03 1.4223e+00 -3.5156e-01
1.8223e-03 1.4605e+00 -3.6094e-01
1.8392e-03 1.4997e+00 -3.7056e-01
1.8562e-03 1.5399e+00 -3.8043e-01
1.8734e-03 1.5812e+00 -3.9056e-01
1.8908e-03 1.6235e+00 -4.0096e-01
1.9083e-03 1.6670e+00 -4.1162e-01
1.9259e-03 1.7116e+00 -4.2257e-01
1.9438e-03 1.7574e+00 -4.3380e-01
1.9618e-03 1.8044e+00 -4.4532e-01
1.9799e-03 1.8527e+00 -4.5714e-01
1.9983e-03 1.9022e+00 -4.6926e-01
2.0168e-03 1.9530e+00 -4.8170e-01
2.0354e-03 2.0051e+00 -4.9447e-01
2.0543e-03 2.0586e+00 -5.0756e-01
2.0733e-03 2.1135e+00 -5.2100e-01
2.0925e-03 2.1698e+00 -5.3478e-01
2.1118e-03 2.2277e+00 -5.4892e-01
2.1314e-03 2.2870e+00 -5.6342e-01
2.1511e-03 2.3479e+00 -5.7830e-01
2.1710e-03 2.4103e+00 -5.9356e-01
2.1911e-03 2.4744e+00 -6.0921e-01
2.2114e-03 2.5402e+00 -6.2526e-01
2.2319e-03 2.6076e+00 -6.4173e-01
2.2526e-03 2.6769e+00 -6.5862e-01
2.2734e-03 2.7479e+00 -6.7595e-01
2.2945e-03 2.8208e+00 -6.9372e-01
2.3157e-03 2.8955e+00 -7.1194e-01
2.3371e-03 2.9722e+00 -7.3063e-01
2.3588e-03 3.0509e+00 -7.4979e-01
2.3806e-03 3.1317e+00 -7.6945e-01
2.4026e-03 3.2145e+00 -7.8961e-01
2.4249e-03 3.2994e+00 -8.1028e-01
2.4473e-03 3.3866e+00 -8.3147e-01
2.4700e-03 3.4760e+00 -8.5321e-01
2.4929e-03 3.5677e+00 -8.7549e-01
2.5159e-03 3.6618e+00 -8.9835e-01
2.5392e-03 3.7583e+00 -9.2178e-01
2.5627e-03 3.8572e+00 -9.4580e-01
2.5865e-03 3.9587e+00 -9.7043e-01
2.6104e-03 4.0629e+00 -9.9568e-01
2.6346e-03 4.1697e+00 -1.0216e+00
2.6590e-03 4.2792e+00 -1.0481e+00
2.6836e-03 4.3915e+00 -1.0753e+00
2.7084e-03 4.5067e+00 -1.1032e+00
2.7335e-03 4.6249e+00 -1.1318e+00
2.7588e-03 4.7460e+00 -1.1611e+00
2.7843e-03 4.8703e+00 -1.1912e+00
2.8101e-03 4.9977e+00 -1.2220e+00
2.8361e-03 5.1284e+00 -1.2535e+00
2.8624e-03 5.2624e+00 -1.2859e+00
2.8889e-03 5.3997e+00 -1.3190e+00
2.9156e-03 5.5406e+00 -1.3530e+00
2.9426e-03 5.6851e+00 -1.3878e+00
2.9699e-03 5.8332e+00 -1.4235e+00
2.9974e-03 5.9850e+00 -1.4601e+00
3.0251e-03 6.1407e+00 -1.4976e+00
3.0531e-03 6.3003e+00 -1.5360e+00
3.0814e-03 6.4639e+00 -1.5754e+00
3.1099e-03 6.6317e+00 -1.6157e+00
3.1387e-03 6.8037e+00 -1.6570e+00
3.1677e-03 6.9800e+00 -1.6993e+00
3.1971e-03 7.1607e+00 -1.7427e+00
3.2267e-03 7.3460e+00 -1.7871e+00
3.2565e-03 7.5358e+00 -1.8327e+00
3.2867e-03 7.7305e+00 -1.8793e+00
3.3171e-03 7.9300e+00 -1.9271e+00
3.3478e-03 8.1345e+00 -1.9760e+00
3.3788e-03 8.3440e+00 -2.0261e+00
3.4101e-03 8.5588e+00 -2.0775e+00
3.4417e-03 8.7789e+00 -2.1301e+00
3.4735e-03 9.0045e+00 -2.1839e+00
3.5057e-03 9.2357e+00 -2.2391e+00
3.5381e-03 9.4726e+00 -2.2956e+00
3.5709e-03 9.7154e+00 -2.3534e+00
3.6039e-03 9.9642e+00 -2.4127e+00
3.6373e-03 1.0219e+01 -2.4733e+00
3.6710e-03 1.0480e+01 -2.5355e+00
3.7050e-03 1.0748e+01 -2.5991e+00
3.7393e-03 1.1022e+01 -2.6642e+00
3.7739e-03 1.1303e+01 -2.7309e+00
3.8088e-03 1.1591e+01 -2.7991e+00
3.8441e-03 1.1886e+01 -2.8690e+00
3.8797e-03 1.2188e+01 -2.9406e+00
3.9156e-03 1.2497e+01 -3.0138e+00
3.9518e-03 1.2814e+01 -3.0887e+00
3.9884e-03 1.3138e+01 -3.1655e+00
4.0253e-03 1.3471e+01 -3.2440e+00
4.0626e-03 1.3811e+01 -3.3244e+00
4.1002e-03 1.4160e+01 -3.4066e+00
4.1382e-03 1.4517e+01 -3.4908e+00
4.1765e-03 1.4883e+01 -3.5770e+00
4.2151e-03 1.5258e+01 -3.6651e+00
4.2542e-03 1.5642e+01 -3.7553e+00
4.2935e-03 1.6035e+01 -3.8476e+00
4.3333e-03 1.6437e+01 -3.9420e+00
4.3734e-03 1.6849e+01 -4.0387e+00
4.4139e-03 1.7271e+01 -4.1375e+00
4.4548e-03 1.7702e+01 -4.2386e+00
4.4960e-03 1.8145e+01 -4.3420e+00
4.5376e-03 1.8597e+01 -4.4478e+00
4.5796e-03 1.9061e+01 -4.5561e+00
4.6220e-03 1.9535e+01 -4.6668e+00
4.6648e-03 2.0021e+01 -4.7800e+00
4.7080e-03 2.0518e+01 -4.8957e+00
4.7516e-03 2.1026e+01 -5.0141e+00
4.7956e-03 2.1547e+01 -5.1352e+00
4.8400e-03 2.2080e+01 -5.2590e+00
4.8848e-03 2.2626e+01 -5.3856e+00
4.9300e-03 2.3184e+01 -5.5150e+00
4.9756e-03 2.3755e+01 -5.6473e+00
5.0217e-03 2.4340e+01 -5.7826e+00
5.0682e-03 2.4938e+01 -5.9208e+00
5.1151e-03 2.5550e+01 -6.0621e+00
5.1625e-03 2.6176e+01 -6.2066e+00
5.2102e-03 2.6817e+01 -6.3542e+00
5.2585e-03 2.7472e+01 -6.5051e+00
5.3072e-03 2.8142e+01 -6.6593e+00
5.3563e-03 2.8828e+01 -6.8168e+00
5.4059e-03 2.9530e+01 -6.9778e+00
5.4559e-03 3.0247e+01 -7.1423e+00
5.5064e-03 3.0981e+01 -7.3104e+00
5.5574e-03 3.1732e+01 -7.4821e+00
5.6089e-03 3.2500e+01 -7.6575e+00
5.6608e-03 3.3285e+01 -7.8366e+00
5.7132e-03 3.4088e+01 -8.0197e+00
5.7661e-03 3.4909e+01 -8.2066e+00
5.8195e-03 3.5748e+01 -8.3976e+00
5.8733e-03 3.6607e+01 -8.5926e+00
5.9277e-03 3.7484e+01 -8.7917e+00
5.9826e-03 3.8382e+01 -8.9950e+00
6.0380e-03 3.9299e+01 -9.2026e+00
6.0939e-03 4.0236e+01 -9.4145e+00
6.1503e-03 4.1194e+01 -9.6308e+00
6.2072e-03 4.2174e+01 -9.8515e+00
6.2647e-03 4.3174e+01 -1.0077e+01
6.3227e-03 4.4197e+01 -1.0307e+01
6.3812e-03 4.5241e+01 -1.0541e+01
6.4403e-03 4.6309e+01 -1.0781e+01
6.4999e-03 4.7399e+01 -1.1025e+01
6.5601e-03 4.8512e+01 -1.1274e+01
6.6208e-03 4.9650e+01 -1.1528e+01
6.6821e-03 5.0812e+01 -1.1787e+01
6.7440e-03 5.1999e+01 -1.2052e+01
6.8064e-03 5.3211e+01 -1.2321e+01
6.8694e-03 5.4449e+01 -1.2596e+01
6.9330e-03 5.5713e+01 -1.2877e+01
6.9972e-03 5.7004e+01 -1.3163e+01
7.0619e-03 5.8323e+01 -1.3454e+01
7.1273e-03 5.9670e+01 -1.3752e+01
7.1933e-03 6.1045e+01 -1.4055e+01
7.2599e-03 6.2450e+01 -1.4364e+01
7.3271e-03 6.3885e+01 -1.4679e+01
7.3949e-03 6.5350e+01 -1.5001e+01
7.4634e-03 6.6845e+01 -1.5328e+01
7.5325e-03 6.8372e+01 -1.5662e+01
7.6022e-03 6.9932e+01 -1.6003e+01
7.6726e-03 7.1523e+01 -1.6350e+01
7.7436e-03 7.3148e+01 -1.6704e+01
7.8153e-03 7.4806e+01 -1.7064e+01
7.8877e-03 7.6499e+01 -1.7431e+01
7.9607e-03 7.8225e+01 -1.7805e+01
8.0344e-03 7.9987e+01 -1.8186e+01
8.1088e-03 8.1784e+01 -1.8574e+01
8.1838e-03 8.3618e+01 -1.8969e+01
8.2596e-03 8.5488e+01 -1.9371e+01
8.3361e-03 8.7394e+01 -1.9780e+01
8.4132e-03 8.9339e+01 -2.0197e+01
8.4911e-03 9.1322e+01 -2.0621e+01
8.5697e-03 9.3344e+01 -2.1053e+01
8.6491e-03 9.5405e+01 -2.1492e+01
8.7291e-03 9.7506e+01 -2.1939e+01
8.8099e-03 9.9648e+01 -2.2393e+01
8.8915e-03 1.0183e+02 -2.2856e+01
8.9738e-03 1.0406e+02 -2.3326e+01
9.0569e-03 1.0632e+02 -2.3805e+01
9.1407e-03 1.0864e+02 -2.4292e+01
9.2253e-03 1.1099e+02 -2.4787e+01
9.3107e-03 1.1339e+02 -2.5290e+01
9.3969e-03 1.1583e+02 -2.5801e+01
9.4839e-03 1.1832e+02 -2.6321e+01
9.5717e-03 1.2086e+02 -2.6850e+01
9.6603e-03 1.2344e+02 -2.7387e+01
9.7498e-03 1.2607e+02 -2.7932e+01
9.8400e-03 1.2875e+02 -2.8486e+01
9.9311e-03 1.3147e+02 -2.9049e+01
1.0023e-02 1.3425e+02 -2.9621e+01
1.0116e-02 1.3707e+02 -3.0201e+01
1.0210e-02 1.3994e+02 -3.0790e+01
1.0304e-02 1.4286e+02 -3.1387e+01
1.0399e-02 1.4583e+02 -3.1994e+01
1.0496e-02 1.4885e+02 -3.2610e+01
1.0593e-02 1.5193e+02 -3.3234e+01
1.0691e-02 1.5505e+02 -3.3868e+01
1.0790e-02 1.5823e+02 -3.4511e+01
1.0890e-02 1.6147e+02 -3.5163e+01
1.0991e-02 1.6476e+02 -3.5825e+01
1.1092e-02 1.6810e+02 -3.6496e+01
1.1195e-02 1.7150e+02 -3.7177e+01
1.1299e-02 1.7497e+02 -3.7868e+01
1.1403e-02 1.7849e+02 -3.8569e+01
1.1509e-02 1.8207e+02 -3.9280e+01
1.1615e-02 1.8571e+02 -4.0002e+01
1.1723e-02 1.8941e+02 -4.0733e+01
1.1831e-02 1.9317e+02 -4.1475e+01
1.1941e-02 1.9700e+02 -4.2227e+01
1.2051e-02 2.0089e+02 -4.2990e+01
1.2163e-02 2.0485e+02 -4.3763e+01
1.2276e-02 2.0886e+02 -4.4546e+01
1.2389e-02 2.1294e+02 -4.5339e+01
1.2504e-02 2.1709e+02 -4.6142e+01
1.2620e-02 2.2129e+02 -4.6954e+01
1.2737e-02 2.2556e+02 -4.7776e+01
1.2854e-02 2.2989e+02 -4.8608e+01
1.2973e-02 2.3429e+02 -4.9449e+01
1.3094e-02 2.3874e+02 -5.0299e+01
1.3215e-02 2.4325e+02 -5.1158e+01
1.3337e-02 2.4783e+02 -5.2026e+01
1.3461e-02 2.5247e+02 -5.2902e+01
1.3585e-02 2.5717e+02 -5.3788e+01
1.3711e-02 2.6193e+02 -5.4682e+01
1.3838e-02 2.6676e+02 -5.5585e+01
1.3966e-02 2.7164e+02 -5.6496e+01
1.4095e-02 2.7659e+02 -5.7416e+01
1.4226e-02 2.8161e+02 -5.8344e+01
1.4357e-02 2.8669e+02 -5.9282e+01
1.4490e-02 2.9183e+02 -6.0227e+01
1.4625e-02 2.9704e+02 -6.1182e+01
1.4760e-02 3.0231e+02 -6.2145e+01
1.4897e-02 3.0765e+02 -6.3116e+01
1.5034e-02 3.1305e+02 -6.4095e+01
1.5174e-02 3.1852e+02 -6.5083e+01
1.5314e-02 3.2406e+02 -6.6079e+01
1.5456e-02 3.2966e+02 -6.7083e+01
1.5599e-02 3.3532e+02 -6.8095e+01
1.5743e-02 3.4105e+02 -6.9114e+01
1.5889e-02 3.4685e+02 -7.0140e+01
1.6036e-02 3.5270e+02 -7.1173e+01
1.6185e-02 3.5862e+02 -7.2213e+01
1.6335e-02 3.6460e+02 -7.3260e+01
1.6486e-02 3.7064e+02 -7.4312e+01
1.6638e-02 3.7674e+02 -7.5371e+01
1.6792e-02 3.8290e+02 -7.6435e+01
1.6948e-02 3.8912e+02 -7.7505e+01
1.7105e-02 3.9539e+02 -7.8580e+01
1.7263e-02 4.0172e+02 -7.9659e+01
1.7423e-02 4.0811e+02 -8.0743e+01
1.7584e-02 4.1455e+02 -8.1832e+01
1.7747e-02 4.2105e+02 -8.2925e+01
1.7911e-02 4.2760e+02 -8.4021e+01
1.8077e-02 4.3421e+02 -8.5121e+01
1.8244e-02 4.4086e+02 -8.6225e+01
1.8413e-02 4.4757e+02 -8.7331e+01
1.8584e-02 4.5432e+02 -8.8439e+01
1.8756e-02 4.6113e+02 -8.9550e+01
1.8929e-02 4.6798e+02 -9.0663e+01
1.9105e-02 4.7487e+02 -9.1777e+01
1.9282e-02 4.8181e+02 -9.2892e+01
1.9460e-02 4.8878e+02 -9.4007e+01
1.9640e-02 4.9580e+02 -9.5122e+01
1.9822e-02 5.0285e+02 -9.6237e+01
2.0006e-02 5.0994e+02 -9.7351e+01
2.0191e-02 5.1705e+02 -9.8463e+01
2.0378e-02 5.2420e+02 -9.9573e+01
2.0566e-02 5.3138e+02 -1.0068e+02
2.0757e-02 5.3858e+02 -1.0179e+02
2.0949e-02 5.4580e+02 -1.0289e+02
2.1143e-02 5.5305e+02 -1.0398e+02
2.1339e-02 5.6031e+02 -1.0508e+02
2.1536e-02 5.6759e+02 -1.0616e+02
2.1735e-02 5.7489e+02 -1.0725e+02
2.1937e-02 5.8220e+02 -1.0832e+02
2.2140e-02 5.8953e+02 -1.0940e+02
2.2345e-02 5.9686e+02 -1.1046e+02
2.2552e-02 6.0421e+02 -1.1152e+02
2.2760e-02 6.1156e+02 -1.1257e+02
2.2971e-02 6.1892e+02 -1.1362e+02
2.3184e-02 6.2628e+02 -1.1466e+02
2.3398e-02 6.3365e+02 -1.1569e+02
2.3615e-02 6.4102e+02 -1.1671e+02
2.3834e-02 6.4838e+02 -1.1773e+02
2.4054e-02 6.5575e+02 -1.1873e+02
2.4277e-02 6.6310e+02 -1.1972e+02
2.4502e-02 6.7044e+02 -1.2071e+02
2.4728e-02 6.7777e+02 -1.2168e+02
2.4957e-02 6.8509e+02 -1.2265e+02
2.5188e-02 6.9238e+02 -1.2360e+02
2.5422e-02 6.9966e+02 -1.2454e+02
2.5657e-02 7.0690e+02 -1.2546e+02
2.5894e-02 7.1412e+02 -1.2637e+02
2.6134e-02 7.2131e+02 -1.2727e+02
2.6376e-02 7.2846e+02 -1.2816e+02
2.6620e-02 7.3558e+02 -1.2903e+02
2.6867e-02 7.4265e+02 -1.2988e+02
2.7115e-02 7.4969e+02 -1.3072e+02
2.7366e-02 7.5668e+02 -1.3154e+02
2.7620e-02 7.6364e+02 -1.3235e+02
2.7875e-02 7.7054e+02 -1.3314e+02
2.8134e-02 7.7740e+02 -1.3392e+02
2.8394e-02 7.8422e+02 -1.3468e+02
2.8657e-02 7.9099e+02 -1.3542e+02
2.8922e-02 7.9771e+02 -1.3615e+02
2.9190e-02 8.0438e+02 -1.3687e+02
2.9460e-02 8.1101e+02 -1.3756e+02
2.9733e-02 8.1758e+02 -1.3824e+02
3.0008e-02 8.2411e+02 -1.3891e+02
3.0286e-02 8.3059e+02 -1.3955e+02
3.0566e-02 8.3701e+02 -1.4018e+02
3.0849e-02 8.4339e+02 -1.4080e+02
3.1135e-02 8.4972e+02 -1.4140e+02
3.1423e-02 8.5599e+02 -1.4198e+02
3.1714e-02 8.6222e+02 -1.4255e+02
3.2008e-02 8.6839e+02 -1.4310e+02
3.2304e-02 8.7451e+02 -1.4364e+02
3.2603e-02 8.8058e+02 -1.4416e+02
3.2905e-02 8.8661e+02 -1.4466e+02
3.3209e-02 8.9258e+02 -1.4515e+02
3.3517e-02 8.9850e+02 -1.4562e+02
3.3827e-02 9.0438e+02 -1.4608e+02
3.4140e-02 9.1021e+02 -1.4652e+02
3.4456e-02 9.1601e+02 -1.4695e+02
3.4775e-02 9.2176e+02 -1.4737e+02
3.5097e-02 9.2748e+02 -1.4777e+02
3.5422e-02 9.3316e+02 -1.4816e+02
3.5750e-02 9.3882e+02 -1.4854e+02
3.6081e-02 9.4445e+02 -1.4891e+02
3.6415e-02 9.5007e+02 -1.4927e+02
3.6752e-02 9.5566e+02 -1.4962e+02
3.7092e-02 9.6125e+02 -1.4996e+02
3.7436e-02 9.6683e+02 -1.5029e+02
3.7782e-02 9.7241e+02 -1.5061e+02
3.8132e-02 9.7800e+02 -1.5093e+02
3.8485e-02 9.8360e+02 -1.5124e+02
3.8841e-02 9.8922e+02 -1.5155e+02
3.9201e-02 9.9485e+02 -1.5185e+02
3.9564e-02 1.0005e+03 -1.5215e+02
3.9930e-02 1.0062e+03 -1.5244e+02
4.0300e-02 1.0120e+03 -1.5274e+02
4.0673e-02 1.0177e+03 -1.5303e+02
4.1049e-02 1.0236e+03 -1.5332e+02
4.1429e-02 1.0294e+03 -1.5361e+02
4.1813e-02 1.0354e+03 -1.5391e+02
4.2200e-02 1.0414e+03 -1.5420e+02
4.2591e-02 1.0474e+03 -1.5449e+02
4.2985e-02 1.0536e+03 -1.5479e+02
4.3383e-02 1.0598e+03 -1.5509e+02
4.3785e-02 1.0661e+03 -1.5539e+02
4.4190e-02 1.0725e+03 -1.5570e+02
4.4599e-02 1.0790e+03 -1.5601e+02
4.5012e-02 1.0856e+03 -1.5633e+02
4.5429e-02 1.0923e+03 -1.5666e+02
4.5849e-02 1.0992e+03 -1.5700e+02
4.6274e-02 1.1062e+03 -1.5735e+02
4.6702e-02 1.1133e+03 -1.5770e+02
4.7134e-02 1.1206e+03 -1.5807e+02
4.7571e-02 1.1281e+03 -1.5846e+02
4.8011e-02 1.1357e+03 -1.5885e+02
4.8455e-02 1.1434e+03 -1.5925e+02
4.8904e-02 1.1513e+03 -1.5965e+02
4.9357e-02 1.1593e+03 -1.6007e+02
4.9814e-02 1.1674e+03 -1.6048e+02
5.0275e-02 1.1757e+03 -1.6091e+02
5.0740e-02 1.1841e+03 -1.6134e+02
5.1210e-02 1.1926e+03 -1.6177e+02
5.1684e-02 1.2013e+03 -1.6222e+02
5.2163e-02 1.2102e+03 -1.6268e+02
5.2645e-02 1.2193e+03 -1.6316e+02
5.3133e-02 1.2285e+03 -1.6364e+02
5.3625e-02 1.2380e+03 -1.6414e+02
5.4121e-02 1.2476e+03 -1.6464e+02
5.4622e-02 1.2574e+03 -1.6515e+02
5.5128e-02 1.2673e+03 -1.6567e+02
5.5638e-02 1.2774e+03 -1.6618e+02
5.6153e-02 1.2875e+03 -1.6670e+02
5.6673e-02 1.2978e+03 -1.6722e+02
5.7198e-02 1.3082e+03 -1.6774e+02
5.7727e-02 1.3187e+03 -1.6825e+02
5.8262e-02 1.3292e+03 -1.6875e+02
5.8801e-02 1.3396e+03 -1.6923e+02
5.9345e-02 1.3499e+03 -1.6968e+02
5.9895e-02 1.3601e+03 -1.7009e+02
6.0449e-02 1.3702e+03 -1.7048e+02
6.1009e-02 1.3802e+03 -1.7084e+02
6.1574e-02 1.3902e+03 -1.7120e+02
6.2144e-02 1.4003e+03 -1.7154e+02
6.2719e-02 1.4105e+03 -1.7188e+02
6.3300e-02 1.4205e+03 -1.7219e+02
6.3886e-02 1.4304e+03 -1.7247e+02
6.4477e-02 1.4399e+03 -1.7268e+02
6.5074e-02 1.4488e+03 -1.7281e+02
6.5676e-02 1.4570e+03 -1.7285e+02
6.6284e-02 1.4646e+03 -1.7280e+02
6.6898e-02 1.4719e+03 -1.7271e+02
6.7517e-02 1.4793e+03 -1.7261e+02
6.8142e-02 1.4870e+03 -1.7254e+02
6.8773e-02 1.4949e+03 -1.7249e+02
6.9410e-02 1.5024e+03 -1.7238e+02
7.0052e-02 1.5091e+03 -1.7216e+02
7.0701e-02 1.5147e+03 -1.7181e+02
7.1355e-02 1.5192e+03 -1.7133e+02
7.2016e-02 1.5231e+03 -1.7078e+02
7.2683e-02 1.5267e+03 -1.7018e+02
7.3356e-02 1.5301e+03 -1.6956e+02
7.4035e-02 1.5330e+03 -1.6888e+02
7.4720e-02 1.5352e+03 -1.6812e+02
7.5412e-02 1.5365e+03 -1.6726e+02
7.6110e-02 1.5369e+03 -1.6629e+02
7.6814e-02 1.5364e+03 -1.6524e+02
7.7526e-02 1.5356e+03 -1.6415e+02
7.8243e-02 1.5348e+03 -1.6306e+02
7.8968e-02 1.5336e+03 -1.6193e+02
7.9699e-02 1.5312e+03 -1.6068e+02
8.0436e-02 1.5269e+03 -1.5923e+02
8.1181e-02 1.5210e+03 -1.5762e+02
8.1933e-02 1.5148e+03 -1.5600e+02
8.2691e-02 1.5100e+03 -1.5452e+02
8.3457e-02 1.5065e+03 -1.5318e+02
8.4229e-02 1.5032e+03 -1.5187e+02
8.5009e-02 1.4984e+03 -1.5042e+02
8.5796e-02 1.4920e+03 -1.4880e+02
8.6590e-02 1.4847e+03 -1.4711e+02
8.7392e-02 1.4775e+03 -1.4544e+02
8.8201e-02 1.4707e+03 -1.4383e+02
8.9017e-02 1.4640e+03 -1.4222e+02
8.9841e-02 1.4569e+03 -1.4060e+02
9.0673e-02 1.4496e+03 -1.3895e+02
9.1513e-02 1.4422e+03 -1.3732e+02
9.2360e-02 1.4351e+03 -1.3572e+02
9.3215e-02 1.4284e+03 -1.3417e+02
9.4078e-02 1.4221e+03 -1.3267e+02
9.4949e-02 1.4162e+03 -1.3120e+02
9.5828e-02 1.4105e+03 -1.2977e+02
9.6715e-02 1.4051e+03 -1.2838e+02
9.7610e-02 1.4003e+03 -1.2704e+02
9.8514e-02 1.3962e+03 -1.2578e+02
9.9426e-02 1.3925e+03 -1.2456e+02
1.0035e-01 1.3889e+03 -1.2334e+02
1.0128e-01 1.3852e+03 -1.2213e+02
1.0221e-01 1.3824e+03 -1.2100e+02
1.0316e-01 1.3813e+03 -1.2002e+02
1.0411e-01 1.3820e+03 -1.1921e+02
1.0508e-01 1.3838e+03 -1.1848e+02
1.0605e-01 1.3855e+03 -1.1774e+02
1.0703e-01 1.3872e+03 -1.1700e+02
1.0802e-01 1.3893e+03 -1.1630e+02
1.0902e-01 1.3924e+03 -1.1567e+02
1.1003e-01 1.3962e+03 -1.1510e+02
1.1105e-01 1.4004e+03 -1.1456e+02
1.1208e-01 1.4051e+03 -1.1405e+02
1.1312e-01 1.4103e+03 -1.1357e+02
1.1416e-01 1.4160e+03 -1.1313e+02
1.1522e-01 1.4219e+03 -1.1270e+02
1.1629e-01 1.4278e+03 -1.1226e+02
1.1736e-01 1.4335e+03 -1.1180e+02
1.1845e-01 1.4393e+03 -1.1133e+02
1.1955e-01 1.4450e+03 -1.1085e+02
1.2065e-01 1.4505e+03 -1.1035e+02
1.2177e-01 1.4554e+03 -1.0981e+02
1.2290e-01 1.4597e+03 -1.0920e+02
1.2404e-01 1.4634e+03 -1.0855e+02
1.2518e-01 1.4665e+03 -1.0785e+02
1.2634e-01 1.4688e+03 -1.0709e+02
1.2751e-01 1.4701e+03 -1.0625e+02
1.2869e-01 1.4702e+03 -1.0533e+02
1.2988e-01 1.4691e+03 -1.0432e+02
1.3109e-01 1.4669e+03 -1.0323e+02
1.3230e-01 1.4637e+03 -1.0208e+02
1.3353e-01 1.4593e+03 -1.0085e+02
1.3476e-01 1.4538e+03 -9.9555e+01
1.3601e-01 1.4470e+03 -9.8176e+01
1.3727e-01 1.4389e+03 -9.6717e+01
1.3854e-01 1.4296e+03 -9.5192e+01
1.3982e-01 1.4194e+03 -9.3619e+01
1.4112e-01 1.4084e+03 -9.2008e+01
1.4242e-01 1.3966e+03 -9.0363e+01
1.4374e-01 1.3841e+03 -8.8688e+01
1.4507e-01 1.3710e+03 -8.6994e+01
1.4641e-01 1.3577e+03 -8.5300e+01
1.4777e-01 1.3443e+03 -8.3620e+01
1.4914e-01 1.3311e+03 -8.1966e+01
1.5052e-01 1.3180e+03 -8.0343e+01
1.5191e-01 1.3052e+03 -7.8753e+01
1.5332e-01 1.2928e+03 -7.7200e+01
1.5474e-01 1.2809e+03 -7.5698e+01
1.5617e-01 1.2700e+03 -7.4267e+01
1.5762e-01 1.2602e+03 -7.2915e+01
1.5907e-01 1.2515e+03 -7.1636e+01
1.6055e-01 1.2435e+03 -7.0417e+01
1.6203e-01 1.2366e+03 -6.9262e+01
1.6353e-01 1.2308e+03 -6.8184e+01
1.6505e-01 1.2264e+03 -6.7187e+01
1.6658e-01 1.2231e+03 -6.6255e+01
1.6812e-01 1.2205e+03 -6.5367e+01
1.6967e-01 1.2187e+03 -6.4523e+01
1.7124e-01 1.2179e+03 -6.3737e+01
1.7283e-01 1.2182e+03 -6.3011e+01
1.7443e-01 1.2192e+03 -6.2322e+01
1.7604e-01 1.2204e+03 -6.1637e+01
1.7767e-01 1.2213e+03 -6.0943e+01
1.7932e-01 1.2223e+03 -6.0251e+01
1.8098e-01 1.2235e+03 -5.9567e+01
1.8265e-01 1.2246e+03 -5.8878e+01
1.8435e-01 1.2251e+03 -5.8160e+01
1.8605e-01 1.2246e+03 -5.7397e+01
1.8777e-01 1.2230e+03 -5.6585e+01
1.8951e-01 1.2202e+03 -5.5723e+01
1.9127e-01 1.2164e+03 -5.4814e+01
1.9304e-01 1.2113e+03 -5.3856e+01
1.9483e-01 1.2049e+03 -5.2848e+01
1.9663e-01 1.1971e+03 -5.1789e+01
1.9845e-01 1.1879e+03 -5.0683e+01
2.0029e-01 1.1777e+03 -4.9544e+01
2.0214e-01 1.1668e+03 -4.8387e+01
2.0401e-01 1.1552e+03 -4.7221e+01
2.0590e-01 1.1432e+03 -4.6047e+01
2.0781e-01 1.1306e+03 -4.4871e+01
2.0973e-01 1.1179e+03 -4.3703e+01
2.1167e-01 1.1052e+03 -4.2554e+01
2.1363e-01 1.0929e+03 -4.1435e+01
2.1561e-01 1.0812e+03 -4.0352e+01
2.1760e-01 1.0701e+03 -3.9307e+01
2.1962e-01 1.0597e+03 -3.8305e+01
2.2165e-01 1.0503e+03 -3.7348e+01
2.2370e-01 1.0418e+03 -3.6437e+01
2.2578e-01 1.0344e+03 -3.5571e+01
2.2787e-01 1.0279e+03 -3.4750e+01
2.2998e-01 1.0225e+03 -3.3972e+01
2.3210e-01 1.0182e+03 -3.3234e+01
2.3425e-01 1.0147e+03 -3.2531e+01
2.3642e-01 1.0118e+03 -3.1852e+01
2.3861e-01 1.0092e+03 -3.1186e+01
2.4082e-01 1.0067e+03 -3.0527e+01
2.4305e-01 1.0042e+03 -2.9871e+01
2.4530e-01 1.0014e+03 -2.9213e+01
2.4757e-01 9.9827e+02 -2.8547e+01
2.4986e-01 9.9448e+02 -2.7868e+01
2.5217e-01 9.8987e+02 -2.7172e+01
2.5451e-01 9.8431e+02 -2.6457e+01
2.5686e-01 9.7781e+02 -2.5724e+01
2.5924e-01 9.7046e+02 -2.4977e+01
2.6164e-01 9.6236e+02 -2.4222e+01
2.6407e-01 9.5351e+02 -2.3458e+01
2.6651e-01 9.4396e+02 -2.2688e+01
2.6898e-01 9.3383e+02 -2.1916e+01
2.7147e-01 9.2340e+02 -2.1150e+01
2.7398e-01 9.1297e+02 -2.0397e+01
2.7652e-01 9.0275e+02 -1.9661e+01
2.7908e-01 8.9289e+02 -1.8945e+01
2.8166e-01 8.8354e+02 -1.8252e+01
2.8427e-01 8.7484e+02 -1.7583e+01
2.8690e-01 8.6686e+02 -1.6939e+01
2.8955e-01 8.5963e+02 -1.6319e+01
2.9224e-01 8.5312e+02 -1.5721e+01
2.9494e-01 8.4724e+02 -1.5143e+01
2.9767e-01 8.4189e+02 -1.4581e+01
3.0043e-01 8.3694e+02 -1.4033e+01
3.0321e-01 8.3227e+02 -1.3496e+01
3.0602e-01 8.2772e+02 -1.2967e+01
3.0885e-01 8.2309e+02 -1.2442e+01
3.1171e-01 8.1817e+02 -1.1919e+01
3.1459e-01 8.1276e+02 -1.1396e+01
3.1751e-01 8.0682e+02 -1.0872e+01
3.2044e-01 8.0034e+02 -1.0349e+01
3.2341e-01 7.9337e+02 -9.8276e+00
3.2641e-01 7.8596e+02 -9.3093e+00
3.2943e-01 7.7816e+02 -8.7956e+00
3.3248e-01 7.7004e+02 -8.2878e+00
3.3555e-01 7.6172e+02 -7.7876e+00
3.3866e-01 7.5335e+02 -7.2967e+00
3.4180e-01 7.4512e+02 -6.8169e+00
3.4496e-01 7.3720e+02 -6.3494e+00
3.4815e-01 7.2970e+02 -5.8947e+00
3.5138e-01 7.2266e+02 -5.4523e+00
3.5463e-01 7.1606e+02 -5.0213e+00
3.5791e-01 7.0983e+02 -4.6005e+00
3.6123e-01 7.0388e+02 -4.1889e+00
3.6457e-01 6.9817e+02 -3.7856e+00
3.6794e-01 6.9263e+02 -3.3900e+00
3.7135e-01 6.8718e+02 -3.0014e+00
3.7479e-01 6.8168e+02 -2.6192e+00
3.7826e-01 6.7598e+02 -2.2428e+00
3.8176e-01 6.7002e+02 -1.8725e+00
3.8529e-01 6.6379e+02 -1.5086e+00
3.8886e-01 6.5734e+02 -1.1515e+00
3.9246e-01 6.5072e+02 -8.0168e-01
3.9609e-01 6.4396e+02 -4.5938e-01
3.9976e-01 6.3709e+02 -1.2483e-01
4.0346e-01 6.3021e+02 2.0189e-01
4.0720e-01 6.2341e+02 5.2084e-01
4.1097e-01 6.1676e+02 8.3229e-01
4.1477e-01 6.1032e+02 1.1366e+00
4.1861e-01 6.0411e+02 1.4341e+00
4.2249e-01 5.9813e+02 1.7252e+00
4.2640e-01 5.9236e+02 2.0103e+00
4.3035e-01 5.8674e+02 2.2894e+00
4.3433e-01 5.8122e+02 2.5625e+00
4.3835e-01 5.7573e+02 2.8295e+00
4.4241e-01 5.7020e+02 3.0901e+00
4.4650e-01 5.6458e+02 3.3439e+00
4.5064e-01 5.5884e+02 3.5907e+00
4.5481e-01 5.5300e+02 3.8303e+00
4.5902e-01 5.4709e+02 4.0629e+00
4.6327e-01 5.4116e+02 4.2888e+00
4.6756e-01 5.3524e+02 4.5083e+00
4.7189e-01 5.2937e+02 4.7217e+00
4.7625e-01 5.2358e+02 4.9294e+00
4.8066e-01 5.1788e+02 5.1317e+00
4.8511e-01 5.1230e+02 5.3290e+00
4.8960e-01 5.0685e+02 5.5215e+00
4.9414e-01 5.0151e+02 5.7095e+00
4.9871e-01 4.9626e+02 5.8926e+00
5.0333e-01 4.9105e+02 6.0705e+00
5.0799e-01 4.8584e+02 6.2429e+00
5.1269e-01 4.8061e+02 6.4092e+00
5.1744e-01 4.7533e+02 6.5693e+00
5.2223e-01 4.7003e+02 6.7234e+00
5.2706e-01 4.6473e+02 6.8718e+00
5.3194e-01 4.5948e+02 7.0153e+00
5.3686e-01 4.5429e+02 7.1542e+00
5.4183e-01 4.4917e+02 7.2888e+00
5.4685e-01 4.4411e+02 7.4190e+00
5.5191e-01 4.3911e+02 7.5447e+00
5.5702e-01 4.3416e+02 7.6661e+00
5.6218e-01 4.2925e+02 7.7831e+00
5.6738e-01 4.2439e+02 7.8957e+00
5.7264e-01 4.1957e+02 8.0040e+00
5.7794e-01 4.1478e+02 8.1080e+00
5.8329e-01 4.1002e+02 8.2075e+00
5.8869e-01 4.0529e+02 8.3027e+00
5.9414e-01 4.0058e+02 8.3935e+00
5.9964e-01 3.9590e+02 8.4800e+00
6.0519e-01 3.9125e+02 8.5623e+00
6.1079e-01 3.8664e+02 8.6408e+00
6.1645e-01 3.8207e+02 8.7156e+00
6.2215e-01 3.7756e+02 8.7869e+00
6.2791e-01 3.7310e+02 8.8549e+00
6.3373e-01 3.6868e+02 8.9195e+00
6.3959e-01 3.6432e+02 8.9808e+00
6.4551e-01 3.5998e+02 9.0384e+00
6.5149e-01 3.5568e+02 9.0924e+00
6.5752e-01 3.5139e+02 9.1426e+00
6.6361e-01 3.4713e+02 9.1893e+00
6.6975e-01 3.4290e+02 9.2325e+00
6.7595e-01 3.3872e+02 9.2727e+00
6.8221e-01 3.3459e+02 9.3101e+00
6.8852e-01 3.3050e+02 9.3449e+00
6.9490e-01 3.2647e+02 9.3770e+00
7.0133e-01 3.2247e+02 9.4063e+00
7.0782e-01 3.1851e+02 9.4327e+00
7.1438e-01 3.1458e+02 9.4562e+00
7.2099e-01 3.1068e+02 9.4766e+00
7.2766e-01 3.0680e+02 9.4939e+00
7.3440e-01 3.0296e+02 9.5085e+00
7.4120e-01 2.9915e+02 9.5205e+00
7.4806e-01 2.9537e+02 9.5300e+00
7.5499e-01 2.9164e+02 9.5372e+00
7.6198e-01 2.8796e+02 9.5424e+00
7.6903e-01 2.8431e+02 9.5455e+00
7.7615e-01 2.8071e+02 9.5465e+00
7.8333e-01 2.7715e+02 9.5454e+00
7.9059e-01 2.7362e+02 9.5421e+00
7.9790e-01 2.7013e+02 9.5367e+00
8.0529e-01 2.6667e+02 9.5292e+00
8.1275e-01 2.6324e+02 9.5195e+00
8.2027e-01 2.5984e+02 9.5076e+00
8.2786e-01 2.5648e+02 9.4938e+00
8.3553e-01 2.5314e+02 9.4780e+00
8.4326e-01 2.4984e+02 9.4604e+00
8.5107e-01 2.4657e+02 9.4410e+00
8.5895e-01 2.4334e+02 9.4199e+00
8.6690e-01 2.4014e+02 9.3972e+00
8.7493e-01 2.3698e+02 9.3730e+00
8.8302e-01 2.3386e+02 9.3472e+00
8.9120e-01 2.3077e+02 9.3200e+00
8.9945e-01 2.2771e+02 9.2914e+00
9.0778e-01 2.2468e+02 9.2613e+00
9.1618e-01 2.2169e+02 9.2299e+00
9.2466e-01 2.1873e+02 9.1971e+00
9.3322e-01 2.1581e+02 9.1629e+00
9.4186e-01 2.1291e+02 9.1275e+00
9.5058e-01 2.1005e+02 9.0907e+00
9.5938e-01 2.0721e+02 9.0527e+00
9.6826e-01 2.0441e+02 9.0136e+00
9.7723e-01 2.0163e+02 8.9733e+00
9.8627e-01 1.9889e+02 8.9318e+00
9.9540e-01 1.9618e+02 8.8894e+00
1.0046e+00 1.9349e+02 8.8459e+00
1.0139e+00 1.9084e+02 8.8015e+00
1.0233e+00 1.8822e+02 8.7561e+00
1.0328e+00 1.8563e+02 8.7099e+00
1.0423e+00 1.8307e+02 8.6628e+00
1.0520e+00 1.8054e+02 8.6149e+00
1.0617e+00 1.7804e+02 8.5662e+00
1.0716e+00 1.7557e+02 8.5168e+00
1.0815e+00 1.7312e+02 8.4667e+00
1.0915e+00 1.7071e+02 8.4159e+00
1.1016e+00 1.6832e+02 8.3644e+00
1.1118e+00 1.6597e+02 8.3123e+00
1.1221e+00 1.6364e+02 8.2596e+00
1.1325e+00 1.6134e+02 8.2063e+00
1.1430e+00 1.5906e+02 8.1524e+00
1.1535e+00 1.5681e+02 8.0980e+00
1.1642e+00 1.5459e+02 8.0431e+00
1.1750e+00 1.5240e+02 7.9877e+00
1.1859e+00 1.5023e+02 7.9318e+00
1.1968e+00 1.4809e+02 7.8755e+00
1.2079e+00 1.4597e+02 7.8188e+00
1.2191e+00 1.4388e+02 7.7617e+00
1.2304e+00 1.4182e+02 7.7042e+00
1.2418e+00 1.3978e+02 7.6464e+00
1.2533e+00 1.3776e+02 7.5883e+00
1.2649e+00 1.3577e+02 7.5300e+00
1.2766e+00 1.3381e+02 7.4713e+00
1.2884e+00 1.3187e+02 7.4125e+00
1.3003e+00 1.2995e+02 7.3534e+00
1.3124e+00 1.2806e+02 7.2941e+00
1.3245e+00 1.2619e+02 7.2347e+00
1.3368e+00 1.2435e+02 7.1751e+00
1.3492e+00 1.2253e+02 7.1153e+00
1.3617e+00 1.2073e+02 7.0555e+00
1.3743e+00 1.1895e+02 6.9955e+00
1.3870e+00 1.1720e+02 6.9355e+00
1.3998e+00 1.1547e+02 6.8754e+00
1.4128e+00 1.1376e+02 6.8152e+00
1.4259e+00 1.1208e+02 6.7551e+00
1.4391e+00 1.1041e+02 6.6949e+00
1.4524e+00 1.0877e+02 6.6347e+00
1.4658e+00 1.0715e+02 6.5745e+00
1.4794e+00 1.0555e+02 6.5144e+00
1.4931e+00 1.0397e+02 6.4543e+00
1.5069e+00 1.0241e+02 6.3942e+00
1.5209e+00 1.0087e+02 6.3342e+00
1.5349e+00 9.9356e+01 6.2743e+00
1.5492e+00 9.7858e+01 6.2145e+00
1.5635e+00 9.6381e+01 6.1549e+00
1.5780e+00 9.4922e+01 6.0953e+00
1.5926e+00 9.3484e+01 6.0359e+00
1.6073e+00 9.2064e+01 5.9766e+00
1.6222e+00 9.0664e+01 5.9174e+00
1.6372e+00 8.9282e+01 5.8585e+00
1.6524e+00 8.7919e+01 5.7997e+00
1.6677e+00 8.6574e+01 5.7411e+00
1.6831e+00 8.5247e+01 5.6826e+00
1.6987e+00 8.3939e+01 5.6244e+00
1.7144e+00 8.2648e+01 5.5664e+00
1.7303e+00 8.1374e+01 5.5087e+00
1.7463e+00 8.0119e+01 5.4511e+00
1.7625e+00 7.8880e+01 5.3938e+00
1.7788e+00 7.7658e+01 5.3368e+00
1.7953e+00 7.6454e+01 5.2800e+00
1.8119e+00 7.5266e+01 5.2235e+00
1.8287e+00 7.4094e+01 5.1673e+00
1.8456e+00 7.2939e+01 5.1114e+00
1.8627e+00 7.1800e+01 5.0557e+00
1.8799e+00 7.0678e+01 5.0004e+00
1.8973e+00 6.9571e+01 4.9453e+00
1.9149e+00 6.8479e+01 4.8906e+00
1.9326e+00 6.7404e+01 4.8362e+00
1.9505e+00 6.6343e+01 4.7822e+00
1.9686e+00 6.5298e+01 4.7285e+00
1.9868e+00 6.4268e+01 4.6751e+00
2.0052e+00 6.3253e+01 4.6221e+00
2.0237e+00 6.2252e+01 4.5694e+00
2.0425e+00 6.1266e+01 4.5171e+00
2.0614e+00 6.0294e+01 4.4651e+00
2.0805e+00 5.9337e+01 4.4135e+00
2.0997e+00 5.8393e+01 4.3622e+00
2.1192e+00 5.7462e+01 4.3114e+00
2.1388e+00 5.6545e+01 4.2608e+00
2.1586e+00 5.5642e+01 4.2107e+00
2.1786e+00 5.4751e+01 4.1609e+00
2.1987e+00 5.3873e+01 4.1114e+00
2.2191e+00 5.3008e+01 4.0623e+00
2.2396e+00 5.2155e+01 4.0136e+00
2.2604e+00 5.1315e+01 3.9652e+00
2.2813e+00 5.0487e+01 3.9172e+00
2.3024e+00 4.9671e+01 3.8696e+00
2.3237e+00 4.8866e+01 3.8224e+00
2.3452e+00 4.8074e+01 3.7755e+00
2.3669e+00 4.7293e+01 3.7290e+00
2.3889e+00 4.6523e+01 3.6828e+00
2.4110e+00 4.5765e+01 3.6371e+00
2.4333e+00 4.5019e+01 3.5917e+00
2.4558e+00 4.4283e+01 3.5468e+00
2.4785e+00 4.3558e+01 3.5022e+00
2.5015e+00 4.2845e+01 3.4581e+00
2.5246e+00 4.2142e+01 3.4143e+00
2.5480e+00 4.1450e+01 3.3709e+00
2.5716e+00 4.0768e+01 3.3280e+00
2.5954e+00 4.0097e+01 3.2854e+00
2.6194e+00 3.9436e+01 3.2433e+00
2.6437e+00 3.8785e+01 3.2015e+00
2.6682e+00 3.8144e+01 3.1601e+00
2.6929e+00 3.7512e+01 3.1191e+00
2.7178e+00 3.6890e+01 3.0785e+00
2.7430e+00 3.6278e+01 3.0383e+00
2.7684e+00 3.5674e+01 2.9984e+00
2.7940e+00 3.5080e+01 2.9590e+00
2.8198e+00 3.4495e+01 2.9199e+00
2.8459e+00 3.3919e+01 2.8812e+00
2.8723e+00 3.3351e+01 2.8429e+00
2.8989e+00 3.2793e+01 2.8049e+00
2.9257e+00 3.2242e+01 2.7673e+00
2.9528e+00 3.1700e+01 2.7301e+00
2.9801e+00 3.1167e+01 2.6933e+00
3.0077e+00 3.0642e+01 2.6569e+00
3.0356e+00 3.0125e+01 2.6209e+00
3.0637e+00 2.9616e+01 2.5852e+00
3.0920e+00 2.9115e+01 2.5499e+00
3.1207e+00 2.8623e+01 2.5151e+00
3.1496e+00 2.8138e+01 2.4806e+00
3.1787e+00 2.7661e+01 2.4465e+00
3.2081e+00 2.7192e+01 2.4128e+00
3.2378e+00 2.6730e+01 2.3795e+00
3.2678e+00 2.6276e+01 2.3465e+00
3.2981e+00 2.5829e+01 2.3140e+00
3.3286e+00 2.5390e+01 2.2818e+00
3.3594e+00 2.4957e+01 2.2500e+00
3.3905e+00 2.4531e+01 2.2185e+00
3.4219e+00 2.4112e+01 2.1874e+00
3.4536e+00 2.3700e+01 2.1567e+00
3.4855e+00 2.3294e+01 2.1263e+00
3.5178e+00 2.2895e+01 2.0962e+00
3.5504e+00 2.2501e+01 2.0665e+00
3.5833e+00 2.2114e+01 2.0371e+00
3.6164e+00 2.1733e+01 2.0080e+00
3.6499e+00 2.1358e+01 1.9792e+00
3.6837e+00 2.0989e+01 1.9508e+00
3.7178e+00 2.0625e+01 1.9227e+00
3.7522e+00 2.0268e+01 1.8949e+00
3.7869e+00 1.9916e+01 1.8674e+00
3.8220e+00 1.9569e+01 1.8403e+00
3.8574e+00 1.9228e+01 1.8134e+00
3.8931e+00 1.8893e+01 1.7869e+00
3.9291e+00 1.8563e+01 1.7608e+00
3.9655e+00 1.8239e+01 1.7349e+00
4.0022e+00 1.7920e+01 1.7094e+00
4.0393e+00 1.7607e+01 1.6843e+00
4.0767e+00 1.7299e+01 1.6594e+00
4.1144e+00 1.6995e+01 1.6349e+00
4.1525e+00 1.6698e+01 1.6107e+00
4.1909e+00 1.6405e+01 1.5868e+00
4.2297e+00 1.6117e+01 1.5632e+00
4.2689e+00 1.5834e+01 1.5399e+00
4.3084e+00 1.5555e+01 1.5169e+00
4.3483e+00 1.5282e+01 1.4943e+00
4.3886e+00 1.5013e+01 1.4719e+00
4.4292e+00 1.4748e+01 1.4498e+00
4.4702e+00 1.4488e+01 1.4280e+00
4.5116e+00 1.4232e+01 1.4065e+00
4.5533e+00 1.3980e+01 1.3852e+00
4.5955e+00 1.3733e+01 1.3643e+00
4.6380e+00 1.3489e+01 1.3436e+00
4.6810e+00 1.3250e+01 1.3231e+00
4.7243e+00 1.3014e+01 1.3029e+00
4.7680e+00 1.2783e+01 1.2830e+00
4.8122e+00 1.2555e+01 1.2633e+00
4.8567e+00 1.2330e+01 1.2439e+00
4.9017e+00 1.2110e+01 1.2247e+00
4.9471e+00 1.1893e+01 1.2058e+00
4.9929e+00 1.1679e+01 1.1871e+00
5.0391e+00 1.1469e+01 1.1686e+00
5.0857e+00 1.1262e+01 1.1504e+00
5.1328e+00 1.1059e+01 1.1324e+00
5.1803e+00 1.0859e+01 1.1147e+00
5.2283e+00 1.0663e+01 1.0972e+00
5.2767e+00 1.0470e+01 1.0799e+00
5.3255e+00 1.0280e+01 1.0629e+00
5.3748e+00 1.0094e+01 1.0461e+00
5.4246e+00 9.9107e+00 1.0296e+00
5.4748e+00 9.7308e+00 1.0133e+00
5.5255e+00 9.5541e+00 9.9725e-01
5.5766e+00 9.3806e+00 9.8145e-01
5.6283e+00 9.2103e+00 9.6588e-01
5.6804e+00 9.0431e+00 9.5055e-01
5.7330e+00 8.8789e+00 9.3545e-01
5.7860e+00 8.7178e+00 9.2059e-01
5.8396e+00 8.5595e+00 9.0595e-01
5.8937e+00 8.4042e+00 8.9153e-01
5.9482e+00 8.2516e+00 8.7733e-01
6.0033e+00 8.1017e+00 8.6334e-01
6.0589e+00 7.9545e+00 8.4955e-01
6.1150e+00 7.8098e+00 8.3597e-01
6.1716e+00 7.6676e+00 8.2258e-01
6.2287e+00 7.5278e+00 8.0937e-01
6.2864e+00 7.3904e+00 7.9635e-01
6.3446e+00 7.2553e+00 7.8350e-01
6.4033e+00 7.1224e+00 7.7083e-01
6.4626e+00 6.9917e+00 7.5833e-01
6.5224e+00 6.8631e+00 7.4600e-01
6.5828e+00 6.7367e+00 7.3384e-01
6.6437e+00 6.6124e+00 7.2184e-01
6.7052e+00 6.4901e+00 7.1000e-01
6.7673e+00 6.3699e+00 6.9832e-01
6.8299e+00 6.2516e+00 6.8681e-01
6.8932e+00 6.1354e+00 6.7547e-01
6.9570e+00 6.0212e+00 6.6428e-01
7.0214e+00 5.9090e+00 6.5326e-01
7.0864e+00 5.7987e+00 6.4240e-01
7.1520e+00 5.6904e+00 6.3170e-01
7.2182e+00 5.5840e+00 6.2117e-01
7.2850e+00 5.4795e+00 6.1079e-01
7.3525e+00 5.3770e+00 6.0058e-01
7.4205e+00 5.2763e+00 5.9053e-01
7.4892e+00 5.1774e+00 5.8064e-01
7.5586e+00 5.0804e+00 5.7090e-01
7.6285e+00 4.9852e+00 5.6133e-01
7.6992e+00 4.8917e+00 5.5190e-01
7.7704e+00 4.8000e+00 5.4263e-01
7.8424e+00 4.7101e+00 5.3352e-01
7.9150e+00 4.6218e+00 5.2455e-01
7.9882e+00 4.5352e+00 5.1573e-01
8.0622e+00 4.4502e+00 5.0705e-01
8.1368e+00 4.3668e+00 4.9852e-01
8.2122e+00 4.2850e+00 4.9012e-01
8.2882e+00 4.2047e+00 4.8186e-01
8.3649e+00 4.1259e+00 4.7373e-01
8.4423e+00 4.0485e+00 4.6573e-01
8.5205e+00 3.9725e+00 4.5786e-01
8.5994e+00 3.8978e+00 4.5011e-01
8.6790e+00 3.8245e+00 4.4248e-01
8.7593e+00 3.7525e+00 4.3496e-01
8.8404e+00 3.6818e+00 4.2756e-01
8.9223e+00 3.6123e+00 4.2027e-01
9.0049e+00 3.5440e+00 4.1309e-01
9.0882e+00 3.4769e+00 4.0601e-01
9.1724e+00 3.4109e+00 3.9905e-01
9.2573e+00 3.3462e+00 3.9218e-01
9.3430e+00 3.2825e+00 3.8543e-01
9.4295e+00 3.2200e+00 3.7877e-01
9.5168e+00 3.1586e+00 3.7222e-01
9.6049e+00 3.0983e+00 3.6577e-01
9.6938e+00 3.0390e+00 3.5942e-01
9.7835e+00 2.9809e+00 3.5317e-01
9.8741e+00 2.9238e+00 3.4703e-01
9.9655e+00 2.8678e+00 3.4098e-01
1.0058e+01 2.8129e+00 3.3504e-01
1.0151e+01 2.7589e+00 3.2920e-01
1.0245e+01 2.7060e+00 3.2345e-01
1.0340e+01 2.6541e+00 3.1780e-01
1.0435e+01 2.6032e+00 3.1224e-01
1.0532e+01 2.5533e+00 3.0678e-01
1.0630e+01 2.5043e+00 3.0141e-01
1.0728e+01 2.4562e+00 2.9613e-01
1.0827e+01 2.4090e+00 2.9094e-01
1.0927e+01 2.3627e+00 2.8584e-01
1.1029e+01 2.3173e+00 2.8082e-01
1.1131e+01 2.2728e+00 2.7589e-01
1.1234e+01 2.2290e+00 2.7103e-01
1.1338e+01 2.1861e+00 2.6625e-01
1.1443e+01 2.1439e+00 2.6156e-01
1.1549e+01 2.1025e+00 2.5693e-01
1.1656e+01 2.0619e+00 2.5239e-01
1.1763e+01 2.0220e+00 2.4791e-01
1.1872e+01 1.9828e+00 2.4351e-01
1.1982e+01 1.9443e+00 2.3917e-01
1.2093e+01 1.9066e+00 2.3491e-01
1.2205e+01 1.8694e+00 2.3071e-01
1.2318e+01 1.8330e+00 2.2658e-01
1.2432e+01 1.7972e+00 2.2252e-01
1.2547e+01 1.7621e+00 2.1852e-01
1.2663e+01 1.7276e+00 2.1459e-01
1.2781e+01 1.6938e+00 2.1072e-01
1.2899e+01 1.6605e+00 2.0691e-01
1.3018e+01 1.6279e+00 2.0317e-01
1.3139e+01 1.5959e+00 1.9949e-01
1.3261e+01 1.5645e+00 1.9588e-01
1.3383e+01 1.5337e+00 1.9232e-01
1.3507e+01 1.5035e+00 1.8883e-01
1.3632e+01 1.4740e+00 1.8540e-01
1.3758e+01 1.4449e+00 1.8204e-01
1.3886e+01 1.4165e+00 1.7873e-01
1.4014e+01 1.3887e+00 1.7549e-01
1.4144e+01 1.3614e+00 1.7230e-01
1.4275e+01 1.3346e+00 1.6918e-01
1.4407e+01 1.3085e+00 1.6611e-01
1.4541e+01 1.2828e+00 1.6310e-01
1.4675e+01 1.2576e+00 1.6014e-01
1.4811e+01 1.2330e+00 1.5724e-01
1.4948e+01 1.2088e+00 1.5439e-01
1.5087e+01 1.1851e+00 1.5159e-01
1.5226e+01 1.1619e+00 1.4884e-01
1.5367e+01 1.1391e+00 1.4614e-01
1.5509e+01 1.1167e+00 1.4348e-01
1.5653e+01 1.0947e+00 1.4087e-01
1.5798e+01 1.0732e+00 1.3829e-01
1.5944e+01 1.0520e+00 1.3576e-01
1.6092e+01 1.0312e+00 1.3327e-01
1.6241e+01 1.0107e+00 1.3082e-01
1.6391e+01 9.9068e-01 1.2841e-01
1.6543e+01 9.7097e-01 1.2604e-01
1.6696e+01 9.5162e-01 1.2371e-01
1.6851e+01 9.3263e-01 1.2141e-01
1.7007e+01 9.1399e-01 1.1916e-01
1.7164e+01 8.9571e-01 1.1694e-01
1.7323e+01 8.7778e-01 1.1476e-01
1.7483e+01 8.6020e-01 1.1263e-01
1.7645e+01 8.4296e-01 1.1053e-01
1.7808e+01 8.2608e-01 1.0847e-01
1.7973e+01 8.0954e-01 1.0644e-01
1.8140e+01 7.9333e-01 1.0446e-01
1.8308e+01 7.7745e-01 1.0251e-01
1.8477e+01 7.6190e-01 1.0060e-01
1.8648e+01 7.4666e-01 9.8727e-02
1.8821e+01 7.3173e-01 9.6887e-02
1.8995e+01 7.1710e-01 9.5081e-02
1.9171e+01 7.0276e-01 9.3309e-02
1.9348e+01 6.8871e-01 9.1568e-02
1.9527e+01 6.7492e-01 8.9859e-02
1.9708e+01 6.6141e-01 8.8180e-02
1.9891e+01 6.4815e-01 8.6530e-02
2.0075e+01 6.3514e-01 8.4909e-02
2.0261e+01 6.2237e-01 8.3315e-02
2.0448e+01 6.0985e-01 8.1749e-02
2.0638e+01 5.9756e-01 8.0210e-02
2.0829e+01 5.8551e-01 7.8698e-02
2.1021e+01 5.7368e-01 7.7211e-02
2.1216e+01 5.6208e-01 7.5751e-02
2.1412e+01 5.5069e-01 7.4316e-02
2.1611e+01 5.3953e-01 7.2906e-02
2.1811e+01 5.2859e-01 7.1522e-02
2.2013e+01 5.1786e-01 7.0163e-02
2.2216e+01 5.0734e-01 6.8829e-02
2.2422e+01 4.9703e-01 6.7519e-02
2.2630e+01 4.8693e-01 6.6234e-02
2.2839e+01 4.7704e-01 6.4973e-02
2.3051e+01 4.6734e-01 6.3735e-02
2.3264e+01 4.5784e-01 6.2521e-02
2.3479e+01 4.4853e-01 6.1329e-02
2.3697e+01 4.3941e-01 6.0160e-02
2.3916e+01 4.3047e-01 5.9012e-02
2.4137e+01 4.2171e-01 5.7886e-02
2.4361e+01 4.1313e-01 5.6781e-02
2.4586e+01 4.0472e-01 5.5696e-02
2.4814e+01 3.9647e-01 5.4631e-02
2.5044e+01 3.8839e-01 5.3586e-02
2.5276e+01 3.8046e-01 5.2559e-02
2.5510e+01 3.7269e-01 5.1551e-02
2.5746e+01 3.6508e-01 5.0562e-02
2.5984e+01 3.5761e-01 4.9590e-02
2.6225e+01 3.5029e-01 4.8636e-02
2.6467e+01 3.4311e-01 4.7700e-02
2.6712e+01 3.3608e-01 4.6780e-02
2.6960e+01 3.2918e-01 4.5878e-02
2.7209e+01 3.2242e-01 4.4992e-02
2.7461e+01 3.1579e-01 4.4122e-02
2.7715e+01 3.0930e-01 4.3268e-02
2.7972e+01 3.0294e-01 4.2431e-02
2.8231e+01 2.9670e-01 4.1609e-02
2.8492e+01 2.9059e-01 4.0802e-02
2.8756e+01 2.8460e-01 4.0011e-02
2.9022e+01 2.7874e-01 3.9234e-02
2.9291e+01 2.7299e-01 3.8472e-02
2.9562e+01 2.6736e-01 3.7725e-02
2.9836e+01 2.6184e-01 3.6991e-02
3.0112e+01 2.5643e-01 3.6272e-02
3.0391e+01 2.5113e-01 3.5565e-02
3.0672e+01 2.4594e-01 3.4873e-02
3.0956e+01 2.4085e-01 3.4193e-02
3.1243e+01 2.3587e-01 3.3525e-02
3.1532e+01 2.3098e-01 3.2870e-02
3.1824e+01 2.2619e-01 3.2228e-02
3.2118e+01 2.2150e-01 3.1597e-02
3.2416e+01 2.1690e-01 3.0978e-02
3.2716e+01 2.1239e-01 3.0371e-02
3.3019e+01 2.0798e-01 2.9775e-02
3.3324e+01 2.0365e-01 2.9191e-02
3.3633e+01 1.9941e-01 2.8617e-02
3.3944e+01 1.9526e-01 2.8054e-02
3.4258e+01 1.9119e-01 2.7502e-02
3.4576e+01 1.8720e-01 2.6961e-02
3.4896e+01 1.8330e-01 2.6429e-02
3.5219e+01 1.7947e-01 2.5908e-02
3.5545e+01 1.7572e-01 2.5397e-02
3.5874e+01 1.7205e-01 2.4896e-02
3.6206e+01 1.6846e-01 2.4405e-02
3.6541e+01 1.6494e-01 2.3923e-02
3.6879e+01 1.6149e-01 2.3450e-02
3.7221e+01 1.5811e-01 2.2986e-02
3.7565e+01 1.5480e-01 2.2532e-02
3.7913e+01 1.5156e-01 2.2086e-02
3.8264e+01 1.4839e-01 2.1648e-02
3.8618e+01 1.4528e-01 2.1219e-02
3.8976e+01 1.4223e-01 2.0798e-02
3.9337e+01 1.3925e-01 2.0385e-02
3.9701e+01 1.3632e-01 1.9980e-02
4.0068e+01 1.3346e-01 1.9583e-02
4.0439e+01 1.3065e-01 1.9193e-02
4.0814e+01 1.2790e-01 1.8811e-02
4.1191e+01 1.2521e-01 1.8436e-02
4.1573e+01 1.2257e-01 1.8068e-02
4.1958e+01 1.1998e-01 1.7708e-02
4.2346e+01 1.1745e-01 1.7354e-02
4.2738e+01 1.1497e-01 1.7007e-02
4.3134e+01 1.1254e-01 1.6666e-02
4.3533e+01 1.1016e-01 1.6333e-02
4.3936e+01 1.0783e-01 1.6005e-02
4.4343e+01 1.0555e-01 1.5685e-02
4.4753e+01 1.0332e-01 1.5370e-02
4.5168e+01 1.0113e-01 1.5062e-02
4.5586e+01 9.8985e-02 1.4759e-02
4.6008e+01 9.6888e-02 1.4463e-02
4.6434e+01 9.4834e-02 1.4172e-02
4.6864e+01 9.2822e-02 1.3887e-02
4.7297e+01 9.0852e-02 1.3608e-02
4.7735e+01 8.8923e-02 1.3334e-02
4.8177e+01 8.7034e-02 1.3066e-02
4.8623e+01 8.5183e-02 1.2802e-02
4.9073e+01 8.3371e-02 1.2544e-02
4.9528e+01 8.1595e-02 1.2290e-02
4.9986e+01 7.9856e-02 1.2042e-02
5.0449e+01 7.8152e-02 1.1798e-02
5.0916e+01 7.6483e-02 1.1559e-02
5.1387e+01 7.4848e-02 1.1325e-02
5.1863e+01 7.3246e-02 1.1095e-02
5.2343e+01 7.1678e-02 1.0869e-02
5.2828e+01 7.0141e-02 1.0648e-02
5.3317e+01 6.8636e-02 1.0431e-02
5.3810e+01 6.7162e-02 1.0219e-02
5.4308e+01 6.5719e-02 1.0010e-02
5.4811e+01 6.4306e-02 9.8061e-03
5.5319e+01 6.2923e-02 9.6058e-03
5.5831e+01 6.1569e-02 9.4096e-03
5.6348e+01 6.0244e-02 9.2172e-03
5.6869e+01 5.8947e-02 9.0288e-03
5.7396e+01 5.7677e-02 8.8441e-03
5.7927e+01 5.6434e-02 8.6631e-03
5.8463e+01 5.5218e-02 8.4858e-03
5.9005e+01 5.4028e-02 8.3121e-03
5.9551e+01 5.2863e-02 8.1418e-03
6.0102e+01 5.1722e-02 7.9749e-03
6.0658e+01 5.0606e-02 7.8114e-03
6.1220e+01 4.9513e-02 7.6512e-03
6.1787e+01 4.8443e-02 7.4941e-03
6.2359e+01 4.7396e-02 7.3402e-03
6.2936e+01 4.6371e-02 7.1893e-03
6.3519e+01 4.5367e-02 7.0414e-03
6.4107e+01 4.4384e-02 6.8964e-03
6.4700e+01 4.3422e-02 6.7543e-03
6.5299e+01 4.2480e-02 6.6150e-03
6.5904e+01 4.1557e-02 6.4784e-03
6.6514e+01 4.0654e-02 6.3446e-03
6.7130e+01 3.9770e-02 6.2134e-03
6.7751e+01 3.8904e-02 6.0849e-03
6.8378e+01 3.8057e-02 5.9589e-03
6.9011e+01 3.7228e-02 5.8354e-03
6.9650e+01 3.6416e-02 5.7144e-03
7.0295e+01 3.5621e-02 5.5958e-03
7.0946e+01 3.4844e-02 5.4796e-03
7.1602e+01 3.4082e-02 5.3657e-03
7.2265e+01 3.3337e-02 5.2541e-03
7.2934e+01 3.2608e-02 5.1448e-03
7.3609e+01 3.1894e-02 5.0376e-03
7.4291e+01 3.1194e-02 4.9325e-03
7.4979e+01 3.0510e-02 4.8295e-03
7.5673e+01 2.9839e-02 4.7285e-03
7.6373e+01 2.9182e-02 4.6294e-03
7.7080e+01 2.8539e-02 4.5323e-03
7.7794e+01 2.7910e-02 4.4371e-03
7.8514e+01 2.7293e-02 4.3438e-03
7.9241e+01 2.6689e-02 4.2523e-03
7.9974e+01 2.6098e-02 4.1627e-03
8.0715e+01 2.5520e-02 4.0749e-03
8.1462e+01 2.4955e-02 3.9889e-03
8.2216e+01 2.4402e-02 3.9047e-03
8.2977e+01 2.3861e-02 3.8223e-03
8.3746e+01 2.3333e-02 3.7418e-03
8.4521e+01 2.2817e-02 3.6630e-03
8.5303e+01 2.2314e-02 3.5861e-03
8.6093e+01 2.1823e-02 3.5109e-03
8.6890e+01 2.1343e-02 3.4375e-03
8.7694e+01 2.0875e-02 3.3657e-03
8.8506e+01 2.0418e-02 3.2955e-03
8.9326e+01 1.9971e-02 3.2268e-03
9.0152e+01 1.9533e-02 3.1595e-03
9.0987e+01 1.9104e-02 3.0934e-03
9.1829e+01 1.8682e-02 3.0284e-03
9.2679e+01 1.8268e-02 2.9644e-03
9.3537e+01 1.7860e-02 2.9013e-03
9.4403e+01 1.7458e-02 2.8389e-03
9.5277e+01 1.7061e-02 2.7774e-03
9.6159e+01 1.6670e-02 2.7167e-03
9.7050e+01 1.6285e-02 2.6568e-03
9.7948e+01 1.5908e-02 2.5981e-03
9.8855e+01 1.5540e-02 2.5406e-03
9.9770e+01 1.5180e-02 2.4844e-03
1.0069e+02 1.4828e-02 2.4294e-03
1.0163e+02 1.4484e-02 2.3756e-03
1.0257e+02 1.4148e-02 2.3230e-03
1.0352e+02 1.3820e-02 2.2715e-03
1.0447e+02 1.3500e-02 2.2211e-03
1.0544e+02 1.3186e-02 2.1719e-03
1.0642e+02 1.2880e-02 2.1237e-03
1.0740e+02 1.2581e-02 2.0766e-03
1.0840e+02 1.2289e-02 2.0305e-03
1.0940e+02 1.2004e-02 1.9854e-03
1.1041e+02 1.1725e-02 1.9413e-03
1.1144e+02 1.1452e-02 1.8982e-03
1.1247e+02 1.1186e-02 1.8560e-03
1.1351e+02 1.0926e-02 1.8148e-03
1.1456e+02 1.0672e-02 1.7744e-03
1.1562e+02 1.0423e-02 1.7349e-03
1.1669e+02 1.0181e-02 1.6963e-03
1.1777e+02 9.9436e-03 1.6585e-03
1.1886e+02 9.7120e-03 1.6216e-03
1.1996e+02 9.4858e-03 1.5855e-03
1.2107e+02 9.2648e-03 1.5502e-03
1.2219e+02 9.0489e-03 1.5156e-03
1.2332e+02 8.8379e-03 1.4818e-03
1.2447e+02 8.6318e-03 1.4487e-03
1.2562e+02 8.4305e-03 1.4164e-03
1.2678e+02 8.2338e-03 1.3848e-03
1.2795e+02 8.0416e-03 1.3539e-03
1.2914e+02 7.8539e-03 1.3236e-03
1.3033e+02 7.6705e-03 1.2941e-03
1.3154e+02 7.4914e-03 1.2651e-03
1.3276e+02 7.3163e-03 1.2369e-03
1.3399e+02 7.1454e-03 1.2092e-03
1.3523e+02 6.9783e-03 1.1821e-03
1.3648e+02 6.8152e-03 1.1557e-03
1.3774e+02 6.6558e-03 1.1298e-03
1.3902e+02 6.5001e-03 1.1045e-03
1.4031e+02 6.3480e-03 1.0798e-03
1.4160e+02 6.1994e-03 1.0556e-03
1.4291e+02 6.0542e-03 1.0319e-03
1.4424e+02 5.9125e-03 1.0088e-03
1.4557e+02 5.7740e-03 9.8615e-04
1.4692e+02 5.6387e-03 9.6402e-04
1.4828e+02 5.5065e-03 9.4239e-04
1.4965e+02 5.3774e-03 9.2123e-04
1.5104e+02 5.2513e-03 9.0054e-04
1.5244e+02 5.1281e-03 8.8031e-04
1.5385e+02 5.0078e-03 8.6053e-04
1.5527e+02 4.8903e-03 8.4118e-04
1.5671e+02 4.7755e-03 8.2227e-04
1.5816e+02 4.6633e-03 8.0377e-04
1.5963e+02 4.5538e-03 7.8569e-04
1.6110e+02 4.4468e-03 7.6801e-04
1.6259e+02 4.3423e-03 7.5072e-04
1.6410e+02 4.2402e-03 7.3381e-04
1.6562e+02 4.1405e-03 7.1728e-04
1.6715e+02 4.0432e-03 7.0112e-04
1.6870e+02 3.9480e-03 6.8532e-04
1.7026e+02 3.8551e-03 6.6987e-04
1.7184e+02 3.7644e-03 6.5476e-04
1.7343e+02 3.6758e-03 6.3999e-04
1.7503e+02 3.5892e-03 6.2555e-04
1.7665e+02 3.5046e-03 6.1143e-04
1.7829e+02 3.4221e-03 5.9762e-04
1.7994e+02 3.3414e-03 5.8413e-04
1.8161e+02 3.2626e-03 5.7093e-04
1.8329e+02 3.1857e-03 5.5803e-04
1.8498e+02 3.1105e-03 5.4542e-04
1.8670e+02 3.0371e-03 5.3309e-04
1.8842e+02 2.9655e-03 5.2103e-04
1.9017e+02 2.8954e-03 5.0925e-04
1.9193e+02 2.8271e-03 4.9772e-04
1.9371e+02 2.7603e-03 4.8646e-04
1.9550e+02 2.6951e-03 4.7545e-04
1.9731e+02 2.6314e-03 4.6468e-04
1.9914e+02 2.5692e-03 4.5416e-04
2.0098e+02 2.5084e-03 4.4387e-04
2.0284e+02 2.4491e-03 4.3381e-04
2.0472e+02 2.3911e-03 4.2398e-04
2.0661e+02 2.3345e-03 4.1436e-04
2.0853e+02 2.2793e-03 4.0497e-04
2.1046e+02 2.2253e-03 3.9578e-04
2.1240e+02 2.1726e-03 3.8680e-04
2.1437e+02 2.1211e-03 3.7802e-04
2.1636e+02 2.0709e-03 3.6944e-04
2.1836e+02 2.0218e-03 3.6106e-04
2.2038e+02 1.9738e-03 3.5286e-04
2.2242e+02 1.9270e-03 3.4484e-04
2.2448e+02 1.8813e-03 3.3701e-04
2.2656e+02 1.8366e-03 3.2935e-04
2.2865e+02 1.7930e-03 3.2186e-04
2.3077e+02 1.7505e-03 3.1455e-04
2.3291e+02 1.7089e-03 3.0739e-04
2.3506e+02 1.6683e-03 3.0040e-04
2.3724e+02 1.6286e-03 2.9357e-04
2.3944e+02 1.5899e-03 2.8689e-04
2.4165e+02 1.5521e-03 2.8036e-04
2.4389e+02 1.5152e-03 2.7398e-04
2.4615e+02 1.4791e-03 2.6774e-04
2.4843e+02 1.4439e-03 2.6165e-04
2.5073e+02 1.4096e-03 2.5569e-04
2.5305e+02 1.3760e-03 2.4986e-04
2.5539e+02 1.3432e-03 2.4417e-04
2.5775e+02 1.3112e-03 2.3861e-04
2.6014e+02 1.2800e-03 2.3317e-04
2.6255e+02 1.2495e-03 2.2785e-04
2.6498e+02 1.2197e-03 2.2266e-04
2.6743e+02 1.1906e-03 2.1758e-04
2.6991e+02 1.1622e-03 2.1262e-04
2.7241e+02 1.1344e-03 2.0777e-04
2.7493e+02 1.1073e-03 2.0303e-04
2.7747e+02 1.0809e-03 1.9839e-04
2.8004e+02 1.0551e-03 1.9387e-04
2.8263e+02 1.0298e-03 1.8944e-04
2.8525e+02 1.0052e-03 1.8512e-04
2.8789e+02 9.8118e-04 1.8089e-04
2.9056e+02 9.5771e-04 1.7676e-04
2.9325e+02 9.3480e-04 1.7272e-04
2.9596e+02 9.1242e-04 1.6878e-04
2.9870e+02 8.9058e-04 1.6492e-04
3.0147e+02 8.6925e-04 1.6115e-04
3.0426e+02 8.4842e-04 1.5747e-04
3.0707e+02 8.2809e-04 1.5387e-04
3.0992e+02 8.0824e-04 1.5035e-04
3.1279e+02 7.8886e-04 1.4692e-04
3.1568e+02 7.6993e-04 1.4356e-04
3.1860e+02 7.5146e-04 1.4027e-04
3.2155e+02 7.3342e-04 1.3707e-04
3.2453e+02 7.1581e-04 1.3393e-04
3.2753e+02 6.9862e-04 1.3087e-04
3.3057e+02 6.8183e-04 1.2787e-04
3.3363e+02 6.6544e-04 1.2495e-04
3.3672e+02 6.4944e-04 1.2209e-04
3.3983e+02 6.3382e-04 1.1930e-04
3.4298e+02 6.1857e-04 1.1656e-04
3.4615e+02 6.0369e-04 1.1390e-04
3.4936e+02 5.8915e-04 1.1129e-04
3.5259e+02 5.7496e-04 1.0874e-04
3.5586e+02 5.6111e-04 1.0625e-04
3.5915e+02 5.4759e-04 1.0382e-04
3.6248e+02 5.3438e-04 1.0144e-04
3.6583e+02 5.2150e-04 9.9118e-05
3.6922e+02 5.0891e-04 9.6848e-05
3.7264e+02 4.9663e-04 9.4629e-05
3.7609e+02 4.8464e-04 9.2462e-05
3.7957e+02 4.7294e-04 9.0343e-05
3.8308e+02 4.6151e-04 8.8273e-05
3.8663e+02 4.5036e-04 8.6251e-05
3.9021e+02 4.3947e-04 8.4274e-05
3.9382e+02 4.2884e-04 8.2343e-05
3.9747e+02 4.1846e-04 8.0456e-05
4.0115e+02 4.0833e-04 7.8612e-05
4.0486e+02 3.9844e-04 7.6810e-05
4.0861e+02 3.8879e-04 7.5049e-05
4.1239e+02 3.7937e-04 7.3328e-05
4.1621e+02 3.7017e-04 7.1647e-05
4.2006e+02 3.6120e-04 7.0004e-05
4.2395e+02 3.5243e-04 6.8399e-05
4.2787e+02 3.4388e-04 6.6831e-05
4.3183e+02 3.3553e-04 6.5298e-05
4.3583e+02 3.2738e-04 6.3800e-05
4.3987e+02 3.1942e-04 6.2337e-05
4.4394e+02 3.1166e-04 6.0907e-05
4.4805e+02 3.0408e-04 5.9510e-05
4.5220e+02 2.9668e-04 5.8145e-05
4.5638e+02 2.8946e-04 5.6811e-05
4.6061e+02 2.8241e-04 5.5508e-05
4.6487e+02 2.7553e-04 5.4234e-05
4.6918e+02 2.6882e-04 5.2989e-05
4.7352e+02 2.6226e-04 5.1773e-05
4.7790e+02 2.5587e-04 5.0585e-05
4.8233e+02 2.4962e-04 4.9424e-05
4.8679e+02 2.4353e-04 4.8290e-05
4.9130e+02 2.3758e-04 4.7181e-05
4.9585e+02 2.3178e-04 4.6098e-05
5.0044e+02 2.2611e-04 4.5040e-05
5.0507e+02 2.2058e-04 4.4006e-05
5.0975e+02 2.1518e-04 4.2995e-05
5.1446e+02 2.0992e-04 4.2008e-05
5.1923e+02 2.0478e-04 4.1043e-05
5.2403e+02 1.9976e-04 4.0101e-05
5.2889e+02 1.9486e-04 3.9180e-05
5.3378e+02 1.9008e-04 3.8280e-05
5.3872e+02 1.8542e-04 3.7400e-05
5.4371e+02 1.8087e-04 3.6541e-05
5.4874e+02 1.7643e-04 3.5701e-05
5.5382e+02 1.7209e-04 3.4881e-05
5.5895e+02 1.6786e-04 3.4079e-05
5.6413e+02 1.6373e-04 3.3296e-05
5.6935e+02 1.5970e-04 3.2530e-05
5.7462e+02 1.5577e-04 3.1782e-05
5.7994e+02 1.5194e-04 3.1051e-05
5.8531e+02 1.4819e-04 3.0337e-05
5.9073e+02 1.4454e-04 2.9639e-05
5.9619e+02 1.4097e-04 2.8957e-05
6.0171e+02 1.3749e-04 2.8291e-05
6.0728e+02 1.3410e-04 2.7640e-05
6.1291e+02 1.3079e-04 2.7004e-05
6.1858e+02 1.2755e-04 2.6382e-05
6.2431e+02 1.2440e-04 2.5774e-05
6.3009e+02 1.2132e-04 2.5181e-05
6.3592e+02 1.1832e-04 2.4601e-05
6.4181e+02 1.1539e-04 2.4034e-05
6.4775e+02 1.1253e-04 2.3480e-05
6.5374e+02 1.0974e-04 2.2938e-05
6.5980e+02 1.0701e-04 2.2409e-05
6.6590e+02 1.0436e-04 2.1892e-05
6.7207e+02 1.0176e-04 2.1387e-05
6.7829e+02 9.9235e-05 2.0893e-05
6.8457e+02 9.6768e-05 2.0411e-05
6.9091e+02 9.4360e-05 1.9940e-05
6.9730e+02 9.2011e-05 1.9479e-05
7.0376e+02 8.9720e-05 1.9029e-05
7.1027e+02 8.7484e-05 1.8589e-05
7.1685e+02 8.5302e-05 1.8158e-05
7.2349e+02 8.3174e-05 1.7738e-05
7.3018e+02 8.1098e-05 1.7327e-05
7.3694e+02 7.9072e-05 1.6926e-05
7.4376e+02 7.7096e-05 1.6534e-05
7.5065e+02 7.5168e-05 1.6150e-05
7.5760e+02 7.3287e-05 1.5776e-05
7.6461e+02 7.1453e-05 1.5410e-05
7.7169e+02 6.9663e-05 1.5052e-05
7.7884e+02 6.7917e-05 1.4702e-05
7.8605e+02 6.6214e-05 1.4360e-05
7.9332e+02 6.4552e-05 1.4026e-05
8.0067e+02 6.2931e-05 1.3699e-05
8.0808e+02 6.1350e-05 1.3380e-05
8.1556e+02 5.9808e-05 1.3068e-05
8.2311e+02 5.8304e-05 1.2763e-05
8.3073e+02 5.6837e-05 1.2465e-05
8.3842e+02 5.5405e-05 1.2174e-05
8.4618e+02 5.4009e-05 1.1889e-05
8.5402e+02 5.2648e-05 1.1611e-05
8.6192e+02 5.1320e-05 1.1339e-05
8.6990e+02 5.0025e-05 1.1073e-05
8.7795e+02 4.8761e-05 1.0813e-05
8.8608e+02 4.7529e-05 1.0559e-05
8.9428e+02 4.6328e-05 1.0310e-05
9.0256e+02 4.5156e-05 1.0067e-05
9.1092e+02 4.4013e-05 9.8302e-06
9.1935e+02 4.2898e-05 9.5982e-06
9.2786e+02 4.1811e-05 9.3714e-06
9.3645e+02 4.0751e-05 9.1498e-06
9.4512e+02 3.9717e-05 8.9331e-06
9.5387e+02 3.8709e-05 8.7213e-06
9.6270e+02 3.7726e-05 8.5143e-06
9.7161e+02 3.6767e-05 8.3119e-06
9.8061e+02 3.5833e-05 8.1140e-06
9.8969e+02 3.4921e-05 7.9207e-06
9.9885e+02 3.4033e-05 7.7316e-06
1.0081e+03 3.3166e-05 7.5469e-06
1.0174e+03 3.2321e-05 7.3663e-06
1.0268e+03 3.1497e-05 7.1897e-06
1.0364e+03 3.0694e-05 7.0172e-06
1.0459e+03 2.9911e-05 6.8486e-06
1.0556e+03 2.9147e-05 6.6838e-06
1.0654e+03 2.8403e-05 6.5227e-06
1.0753e+03 2.7677e-05 6.3653e-06
1.0852e+03 2.6970e-05 6.2115e-06
1.0953e+03 2.6280e-05 6.0613e-06
1.1054e+03 2.5608e-05 5.9144e-06
1.1156e+03 2.4952e-05 5.7709e-06
1.1260e+03 2.4313e-05 5.6308e-06
1.1364e+03 2.3690e-05 5.4938e-06
1.1469e+03 2.3083e-05 5.3600e-06
1.1575e+03 2.2491e-05 5.2293e-06
1.1682e+03 2.1914e-05 5.1016e-06
1.1791e+03 2.1352e-05 4.9769e-06
1.1900e+03 2.0804e-05 4.8551e-06
1.2010e+03 2.0269e-05 4.7362e-06
1.2121e+03 1.9748e-05 4.6200e-06
1.2233e+03 1.9241e-05 4.5065e-06
1.2347e+03 1.8746e-05 4.3957e-06
1.2461e+03 1.8264e-05 4.2874e-06
1.2576e+03 1.7794e-05 4.1818e-06
1.2693e+03 1.7336e-05 4.0786e-06
1.2810e+03 1.6889e-05 3.9778e-06
1.2929e+03 1.6454e-05 3.8795e-06
1.3048e+03 1.6030e-05 3.7834e-06
1.3169e+03 1.5617e-05 3.6897e-06
1.3291e+03 1.5214e-05 3.5982e-06
1.3414e+03 1.4822e-05 3.5088e-06
1.3538e+03 1.4439e-05 3.4216e-06
1.3664e+03 1.4067e-05 3.3365e-06
1.3790e+03 1.3704e-05 3.2534e-06
1.3918e+03 1.3350e-05 3.1723e-06
1.4047e+03 1.3005e-05 3.0931e-06
1.4177e+03 1.2669e-05 3.0159e-06
1.4308e+03 1.2341e-05 2.9405e-06
1.4440e+03 1.2022e-05 2.8669e-06
1.4574e+03 1.1711e-05 2.7952e-06
1.4709e+03 1.1408e-05 2.7251e-06
1.4845e+03 1.1113e-05 2.6568e-06
1.4983e+03 1.0825e-05 2.5901e-06
1.5121e+03 1.0545e-05 2.5250e-06
1.5261e+03 1.0272e-05 2.4615e-06
1.5403e+03 1.0006e-05 2.3996e-06
1.5545e+03 9.7464e-06 2.3391e-06
1.5689e+03 9.4938e-06 2.2802e-06
1.5834e+03 9.2476e-06 2.2227e-06
1.5981e+03 9.0078e-06 2.1666e-06
1.6129e+03 8.7742e-06 2.1118e-06
1.6278e+03 8.5466e-06 2.0585e-06
1.6429e+03 8.3248e-06 2.0064e-06
1.6581e+03 8.1087e-06 1.9556e-06
1.6734e+03 7.8982e-06 1.9061e-06
1.6889e+03 7.6931e-06 1.8578e-06
1.7046e+03 7.4933e-06 1.8106e-06
1.7204e+03 7.2986e-06 1.7647e-06
1.7363e+03 7.1090e-06 1.7199e-06
1.7524e+03 6.9242e-06 1.6762e-06
1.7686e+03 6.7442e-06 1.6336e-06
1.7849e+03 6.5689e-06 1.5920e-06
1.8015e+03 6.3981e-06 1.5515e-06
1.8182e+03 6.2317e-06 1.5120e-06
1.8350e+03 6.0696e-06 1.4734e-06
1.8520e+03 5.9117e-06 1.4359e-06
1.8691e+03 5.7578e-06 1.3992e-06
1.8864e+03 5.6080e-06 1.3635e-06
1.9039e+03 5.4620e-06 1.3287e-06
1.9215e+03 5.3198e-06 1.2947e-06
1.9393e+03 5.1813e-06 1.2616e-06
1.9572e+03 5.0463e-06 1.2294e-06
1.9754e+03 4.9149e-06 1.1979e-06
1.9937e+03 4.7868e-06 1.1672e-06
2.0121e+03 4.6621e-06 1.1373e-06
2.0307e+03 4.5406e-06 1.1082e-06
2.0495e+03 4.4222e-06 1.0798e-06
2.0685e+03 4.3070e-06 1.0521e-06
2.0877e+03 4.1947e-06 1.0251e-06
2.1070e+03 4.0853e-06 9.9876e-07
2.1265e+03 3.9788e-06 9.7310e-07
2.1462e+03 3.8750e-06 9.4810e-07
2.1660e+03 3.7739e-06 9.2373e-07
2.1861e+03 3.6754e-06 8.9998e-07
2.2063e+03 3.5795e-06 8.7682e-07
2.2268e+03 3.4861e-06 8.5426e-07
2.2474e+03 3.3951e-06 8.3227e-07
2.2682e+03 3.3065e-06 8.1083e-07
2.2892e+03 3.2202e-06 7.8994e-07
2.3104e+03 3.1361e-06 7.6958e-07
2.3318e+03 3.0542e-06 7.4974e-07
2.3533e+03 2.9745e-06 7.3040e-07
2.3751e+03 2.8968e-06 7.1156e-07
2.3971e+03 2.8211e-06 6.9320e-07
2.4193e+03 2.7474e-06 6.7530e-07
2.4417e+03 2.6757e-06 6.5786e-07
2.4643e+03 2.6057e-06 6.4087e-07
2.4871e+03 2.5377e-06 6.2431e-07
2.5102e+03 2.4713e-06 6.0817e-07
2.5334e+03 2.4067e-06 5.9244e-07
2.5568e+03 2.3438e-06 5.7712e-07
2.5805e+03 2.2826e-06 5.6219e-07
2.6044e+03 2.2229e-06 5.4764e-07
2.6285e+03 2.1648e-06 5.3346e-07
2.6528e+03 2.1082e-06 5.1965e-07
2.6774e+03 2.0530e-06 5.0619e-07
2.7022e+03 1.9993e-06 4.9308e-07
2.7272e+03 1.9470e-06 4.8030e-07
2.7525e+03 1.8961e-06 4.6785e-07
2.7779e+03 1.8465e-06 4.5572e-07
2.8037e+03 1.7982e-06 4.4390e-07
2.8296e+03 1.7512e-06 4.3239e-07
2.8558e+03 1.7053e-06 4.2117e-07
2.8822e+03 1.6607e-06 4.1024e-07
2.9089e+03 1.6173e-06 3.9959e-07
2.9359e+03 1.5749e-06 3.8922e-07
2.9630e+03 1.5337e-06 3.7911e-07
2.9905e+03 1.4936e-06 3.6926e-07
3.0181e+03 1.4545e-06 3.5967e-07
3.0461e+03 1.4164e-06 3.5032e-07
3.0743e+03 1.3793e-06 3.4122e-07
3.1027e+03 1.3432e-06 3.3235e-07
3.1315e+03 1.3080e-06 3.2371e-07
3.1605e+03 1.2738e-06 3.1529e-07
3.1897e+03 1.2404e-06 3.0709e-07
3.2192e+03 1.2079e-06 2.9910e-07
3.2490e+03 1.1763e-06 2.9131e-07
3.2791e+03 1.1455e-06 2.8373e-07
3.3095e+03 1.1155e-06 2.7635e-07
3.3401e+03 1.0863e-06 2.6915e-07
3.3710e+03 1.0578e-06 2.6215e-07
3.4022e+03 1.0301e-06 2.5532e-07
3.4337e+03 1.0031e-06 2.4867e-07
3.4655e+03 9.7682e-07 2.4219e-07
3.4976e+03 9.5123e-07 2.3588e-07
3.5300e+03 9.2630e-07 2.2973e-07
3.5627e+03 9.0203e-07 2.2375e-07
3.5957e+03 8.7839e-07 2.1791e-07
3.6289e+03 8.5537e-07 2.1223e-07
3.6625e+03 8.3295e-07 2.0670e-07
3.6964e+03 8.1112e-07 2.0131e-07
3.7307e+03 7.8986e-07 1.9606e-07
3.7652e+03 7.6915e-07 1.9094e-07
3.8001e+03 7.4899e-07 1.8596e-07
3.8352e+03 7.2936e-07 1.8111e-07
3.8707e+03 7.1024e-07 1.7638e-07
3.9066e+03 6.9162e-07 1.7178e-07
3.9427e+03 6.7348e-07 1.6730e-07
3.9792e+03 6.5583e-07 1.6293e-07
4.0161e+03 6.3863e-07 1.5868e-07
4.0533e+03 6.2189e-07 1.5453e-07
4.0908e+03 6.0558e-07 1.5050e-07
4.1286e+03 5.8970e-07 1.4657e-07
4.1669e+03 5.7423e-07 1.4274e-07
4.2054e+03 5.5918e-07 1.3901e-07
4.2444e+03 5.4451e-07 1.3538e-07
4.2837e+03 5.3023e-07 1.3184e-07
4.3233e+03 5.1632e-07 1.2840e-07
4.3633e+03 5.0278e-07 1.2504e-07
4.4037e+03 4.8959e-07 1.2177e-07
4.4445e+03 4.7675e-07 1.1859e-07
4.4857e+03 4.6425e-07 1.1549e-07
4.5272e+03 4.5207e-07 1.1247e-07
4.5691e+03 4.4021e-07 1.0953e-07
4.6114e+03 4.2866e-07 1.0666e-07
4.6541e+03 4.1742e-07 1.0388e-07
4.6972e+03 4.0647e-07 1.0116e-07
4.7407e+03 3.9580e-07 9.8513e-08
4.7845e+03 3.8542e-07 9.5936e-08
4.8288e+03 3.7531e-07 9.3426e-08
4.8735e+03 3.6546e-07 9.0982e-08
4.9187e+03 3.5587e-07 8.8602e-08
4.9642e+03 3.4653e-07 8.6283e-08
5.0101e+03 3.3744e-07 8.4026e-08
5.0565e+03 3.2858e-07 8.1827e-08
5.1033e+03 3.1996e-07 7.9685e-08
5.1506e+03 3.1157e-07 7.7600e-08
5.1983e+03 3.0339e-07 7.5568e-08
5.2464e+03 2.9543e-07 7.3590e-08
5.2950e+03 2.8767e-07 7.1664e-08
5.3440e+03 2.8012e-07 6.9787e-08
5.3934e+03 2.7277e-07 6.7960e-08
5.4434e+03 2.6561e-07 6.6181e-08
5.4938e+03 2.5864e-07 6.4448e-08
5.5446e+03 2.5185e-07 6.2760e-08
5.5960e+03 2.4524e-07 6.1116e-08
5.6478e+03 2.3881e-07 5.9516e-08
5.7000e+03 2.3254e-07 5.7957e-08
5.7528e+03 2.2644e-07 5.6439e-08
5.8061e+03 2.2049e-07 5.4960e-08
5.8598e+03 2.1470e-07 5.3521e-08
5.9141e+03 2.0907e-07 5.2118e-08
5.9688e+03 2.0358e-07 5.0753e-08
6.0241e+03 1.9824e-07 4.9423e-08
6.0798e+03 1.9303e-07 4.8128e-08
6.1361e+03 1.8796e-07 4.6867e-08
6.1929e+03 1.8303e-07 4.5639e-08
6.2503e+03 1.7823e-07 4.4443e-08
6.3081e+03 1.7355e-07 4.3278e-08
6.3665e+03 1.6899e-07 4.2144e-08
6.4255e+03 1.6455e-07 4.1039e-08
6.4849e+03 1.6023e-07 3.9964e-08
6.5450e+03 1.5603e-07 3.8916e-08
6.6056e+03 1.5193e-07 3.7896e-08
6.6667e+03 1.4794e-07 3.6902e-08
6.7284e+03 1.4406e-07 3.5935e-08
6.7907e+03 1.4027e-07 3.4993e-08
6.8536e+03 1.3659e-07 3.4075e-08
6.9170e+03 1.3300e-07 3.3182e-08
6.9811e+03 1.2951e-07 3.2312e-08
7.0457e+03 1.2611e-07 3.1465e-08
7.1109e+03 1.2280e-07 3.0640e-08
7.1768e+03 1.1958e-07 2.9836e-08
7.2432e+03 1.1644e-07 2.9054e-08
7.3102e+03 1.1338e-07 2.8292e-08
7.3779e+03 1.1040e-07 2.7550e-08
7.4462e+03 1.0750e-07 2.6827e-08
7.5152e+03 1.0468e-07 2.6124e-08
7.5847e+03 1.0193e-07 2.5439e-08
7.6549e+03 9.9254e-08 2.4771e-08
7.7258e+03 9.6647e-08 2.4122e-08
7.7973e+03 9.4109e-08 2.3489e-08
7.8695e+03 9.1638e-08 2.2873e-08
7.9424e+03 8.9232e-08 2.2273e-08
8.0159e+03 8.6888e-08 2.1688e-08
8.0901e+03 8.4606e-08 2.1119e-08
8.1650e+03 8.2384e-08 2.0565e-08
8.2406e+03 8.0221e-08 2.0026e-08
8.3169e+03 7.8114e-08 1.9500e-08
8.3939e+03 7.6063e-08 1.8989e-08
8.4716e+03 7.4065e-08 1.8491e-08
8.5500e+03 7.2120e-08 1.8005e-08
8.6291e+03 7.0226e-08 1.7533e-08
8.7090e+03 6.8381e-08 1.7073e-08
8.7897e+03 6.6585e-08 1.6625e-08
8.8710e+03 6.4837e-08 1.6189e-08
8.9532e+03 6.3134e-08 1.5764e-08
9.0360e+03 6.1475e-08 1.5350e-08
9.1197e+03 5.9861e-08 1.4947e-08
9.2041e+03 5.8289e-08 1.4555e-08
9.2893e+03 5.6758e-08 1.4173e-08
9.3753e+03 5.5267e-08 1.3801e-08
9.4621e+03 5.3815e-08 1.3439e-08
9.5497e+03 5.2402e-08 1.3086e-08
9.6381e+03 5.1025e-08 1.2743e-08
9.7273e+03 4.9685e-08 1.2408e-08
9.8174e+03 4.8380e-08 1.2083e-08
9.9083e+03 4.7109e-08 1.1765e-08
1.0000e+04 4.5872e-08 1.1457e-08
