6.100000000000000000e+01 2.106447065617461832e-06 2.629955353641278722e-08
1.630000000000000000e+02 2.102353766989934372e-06 1.623547153288382662e-08
2.660000000000000000e+02 2.116951813307459221e-06 1.277481589241360842e-08
3.680000000000000000e+02 2.113190979621738214e-06 1.087598969505001980e-08
4.700000000000000000e+02 2.105740890107333799e-06 9.603620358294062330e-09
5.720000000000000000e+02 2.115357738138322079e-06 8.748724428701859601e-09
6.740000000000000000e+02 2.093962190841926233e-06 7.934036456460483388e-09
7.770000000000000000e+02 2.112800722673743762e-06 7.496251110435256050e-09
8.790000000000000000e+02 2.119815710042299172e-06 7.076169495302362124e-09
9.810000000000000000e+02 2.118547057673942234e-06 6.690897696783211866e-09
1.083000000000000000e+03 2.112054376501011685e-06 6.347883011075170778e-09
1.186000000000000000e+03 2.110694715882679019e-06 6.035964775855686271e-09
1.288000000000000000e+03 2.129328099331704093e-06 5.871641397218441650e-09
1.390000000000000000e+03 2.127363657195412132e-06 5.645131308436027044e-09
1.492000000000000000e+03 2.122529804850021404e-06 5.442564454824853154e-09
1.594000000000000000e+03 2.118159849124952438e-06 5.249056186851529166e-09
1.696000000000000000e+03 2.114621493807442186e-06 5.056978216475007432e-09
1.799000000000000000e+03 2.110187695086435558e-06 4.924738216367516603e-09
1.901000000000000000e+03 2.120957598523644480e-06 4.814631319006905192e-09
2.003000000000000000e+03 2.128331598762577913e-06 4.706880594228786063e-09
2.106000000000000000e+03 2.117590550634681451e-06 4.545779898383595572e-09
2.208000000000000000e+03 2.124246999033240801e-06 4.474134684008748341e-09
2.310000000000000000e+03 2.120646276157949428e-06 4.366711190718868173e-09
2.412000000000000000e+03 2.121136718889248546e-06 4.276314411644087322e-09
2.514000000000000000e+03 2.121559744931185060e-06 4.188856402809437926e-09
2.616000000000000000e+03 2.117468065848703868e-06 4.078110559890974809e-09
2.719000000000000000e+03 2.115230245826917620e-06 4.014428847643301851e-09
2.821000000000000000e+03 2.120786141117305280e-06 3.951219165963661518e-09
2.923000000000000000e+03 2.119114890471148715e-06 3.882561072931663222e-09
3.025000000000000000e+03 2.120784429688098055e-06 3.816161632218886149e-09
3.128000000000000000e+03 2.118753066883500410e-06 3.731729662907826503e-09
3.230000000000000000e+03 2.115420436671024285e-06 3.684417010510313465e-09
3.332000000000000000e+03 2.121474555271442782e-06 3.638839083116548392e-09
3.434000000000000000e+03 2.119852509081977770e-06 3.580804316809574813e-09
3.536000000000000000e+03 2.118003154592247653e-06 3.508010894558369639e-09
3.639000000000000000e+03 2.121052740778640110e-06 3.480969154128008827e-09
3.741000000000000000e+03 2.119052724406876294e-06 3.430158027222742525e-09
3.843000000000000000e+03 2.124821744633990679e-06 3.392439289188654378e-09
3.945000000000000000e+03 2.115392517611948657e-06 3.334985064115047561e-09
4.048000000000000000e+03 2.118925934388993532e-06 3.280214128421467436e-09
4.150000000000000000e+03 2.115557410785183026e-06 3.251866401549152899e-09
4.252000000000000000e+03 2.106066824766864222e-06 3.196918487977391463e-09
4.354000000000000000e+03 2.107903251663448942e-06 3.163488291415361692e-09
4.456000000000000000e+03 2.094421841530170354e-06 3.090319423581793833e-09
4.559000000000000000e+03 2.089774843014591621e-06 3.064096957455329702e-09
4.661000000000000000e+03 2.081516352583361248e-06 3.018657475726886636e-09
4.763000000000000000e+03 2.079284407249574043e-06 2.982791186153380115e-09
4.865000000000000000e+03 2.068489635673512704e-06 2.936069338898698073e-09
4.968000000000000000e+03 2.049292824030432864e-06 2.864231515297791194e-09
5.070000000000000000e+03 2.047012298569271768e-06 2.845798523355572574e-09
5.172000000000000000e+03 2.034270022636387332e-06 2.801250075395812585e-09
5.274000000000000000e+03 2.024050241205309401e-06 2.758223273987023273e-09
5.376000000000000000e+03 2.016151826669500576e-06 2.722615983569639756e-09
5.478000000000000000e+03 2.012253779231462691e-06 2.679415416254664434e-09
5.581000000000000000e+03 1.998948158384267962e-06 2.647793818104773367e-09
5.683000000000000000e+03 1.994216172101734702e-06 2.619405146722826073e-09
5.785000000000000000e+03 1.980412534714108560e-06 2.577936462009746390e-09
5.888000000000000000e+03 1.978707869128914881e-06 2.540829049117008178e-09
5.990000000000000000e+03 1.974260991353158892e-06 2.525234672436440947e-09
6.092000000000000000e+03 1.976395101500643223e-06 2.506643742424037951e-09
