6.100000000000000000e+01 2.178769951103129810e-06 2.724737033720475388e-08
1.630000000000000000e+02 2.177340000462728316e-06 1.679244351395364673e-08
2.660000000000000000e+02 2.170422107534153213e-06 1.309169466229925933e-08
3.680000000000000000e+02 2.193522365256214305e-06 1.129401897778304496e-08
4.700000000000000000e+02 2.174037308644321955e-06 9.914945393179668120e-09
5.720000000000000000e+02 2.164378174886396477e-06 8.946398141576983471e-09
6.740000000000000000e+02 2.180572429555527161e-06 8.261758257573739800e-09
7.770000000000000000e+02 2.181036474273726659e-06 7.740938031084839993e-09
8.790000000000000000e+02 2.178943181708720778e-06 7.272030044746530618e-09
9.810000000000000000e+02 2.166136566387549949e-06 6.838790409857913618e-09
1.083000000000000000e+03 2.185417935271282436e-06 6.571114755941998920e-09
1.186000000000000000e+03 2.181343275289583351e-06 6.241230020409355608e-09
1.288000000000000000e+03 2.179212541930396126e-06 6.009817079975320709e-09
1.390000000000000000e+03 2.184484502496430244e-06 5.795079007478919079e-09
1.492000000000000000e+03 2.182410770820234049e-06 5.592531198053904882e-09
1.594000000000000000e+03 2.183310415468417800e-06 5.411417695734532747e-09
1.696000000000000000e+03 2.177613730211853270e-06 5.208141822030537748e-09
1.799000000000000000e+03 2.171326079715734495e-06 5.065659143526322603e-09
1.901000000000000000e+03 2.181974637567475476e-06 4.953223316911872027e-09
2.003000000000000000e+03 2.181384064054267059e-06 4.826074136122009680e-09
2.106000000000000000e+03 2.167872751440042479e-06 4.652203714867331219e-09
2.208000000000000000e+03 2.182665442180903876e-06 4.595836570716228339e-09
2.310000000000000000e+03 2.179794191917314734e-06 4.490192431996917034e-09
2.412000000000000000e+03 2.177309915522172481e-06 4.388160758974864259e-09
2.514000000000000000e+03 2.172780991759499239e-06 4.289385663972916133e-09
2.616000000000000000e+03 2.178239208019237482e-06 4.194187975791104935e-09
2.719000000000000000e+03 2.168683380777221279e-06 4.117525086146324545e-09
2.821000000000000000e+03 2.172162870777089968e-06 4.048359994278454432e-09
2.923000000000000000e+03 2.176610618849903355e-06 3.986409944049426531e-09
3.025000000000000000e+03 2.176708903480472721e-06 3.916918514053767270e-09
3.128000000000000000e+03 2.179508258204768673e-06 3.839687659864486642e-09
3.230000000000000000e+03 2.171970673046555411e-06 3.783119203455040583e-09
3.332000000000000000e+03 2.180336144640782902e-06 3.738475456989252138e-09
3.434000000000000000e+03 2.170548696654825341e-06 3.666806199080061117e-09
3.536000000000000000e+03 2.178468605239194395e-06 3.608654162581424585e-09
3.639000000000000000e+03 2.177507786683517879e-06 3.573993524376803230e-09
3.741000000000000000e+03 2.173193690842873577e-06 3.517411534726496110e-09
3.843000000000000000e+03 2.177167900041580118e-06 3.476334824828599922e-09
3.945000000000000000e+03 2.176120210735963265e-06 3.430948433218859061e-09
4.048000000000000000e+03 2.173126841811257512e-06 3.363738786242524618e-09
4.150000000000000000e+03 2.169412137274363519e-06 3.333835091280547950e-09
4.252000000000000000e+03 2.160908598721809279e-06 3.281230036107299228e-09
4.354000000000000000e+03 2.158703081159984016e-06 3.238589189542442140e-09
4.456000000000000000e+03 2.156185772075617016e-06 3.182021630135178436e-09
4.559000000000000000e+03 2.150971932198585250e-06 3.154300019417124122e-09
4.661000000000000000e+03 2.143032122101989452e-06 3.107194328057574734e-09
4.763000000000000000e+03 2.131262886213342692e-06 3.057015715754603677e-09
4.865000000000000000e+03 2.123253703284715669e-06 3.014245823010535833e-09
4.968000000000000000e+03 2.111601165506932834e-06 2.951482211979402207e-09
5.070000000000000000e+03 2.104106641281815224e-06 2.925628093075731655e-09
5.172000000000000000e+03 2.093802453831891889e-06 2.882441567351085185e-09
5.274000000000000000e+03 2.082814261940435005e-06 2.839605414169250750e-09
5.376000000000000000e+03 2.076224791582366023e-06 2.803649373567719542e-09
5.478000000000000000e+03 2.065276892027185500e-06 2.748711524213798104e-09
5.581000000000000000e+03 2.055015122657147882e-06 2.723096419978593819e-09
5.683000000000000000e+03 2.047705433236260796e-06 2.689749115421469232e-09
5.785000000000000000e+03 2.040881903024987806e-06 2.656025698123627069e-09
5.888000000000000000e+03 2.033587071820304932e-06 2.611448032096025448e-09
5.990000000000000000e+03 2.023057048479140065e-06 2.587967859098110593e-09
6.092000000000000000e+03 2.029161119784700722e-06 2.572943308329656476e-09
