6.100000000000000000e+01 4.130454130086470137e-06 5.184521243421992617e-08
1.630000000000000000e+02 3.295519457482073344e-06 2.553671512640495095e-08
2.660000000000000000e+02 2.882465858447602662e-06 1.739721294957812243e-08
3.680000000000000000e+02 2.590362943705763678e-06 1.336182993218945678e-08
4.700000000000000000e+02 2.488845201896533722e-06 1.134356989461977319e-08
5.720000000000000000e+02 2.392498228491214199e-06 9.897642311167023123e-09
6.740000000000000000e+02 2.341524156432092583e-06 8.868939762534201342e-09
7.770000000000000000e+02 2.299447377677150935e-06 8.161322713908662874e-09
8.790000000000000000e+02 2.278835947745065167e-06 7.601973979789175970e-09
9.810000000000000000e+02 2.236091837510505487e-06 7.067807581318350733e-09
1.083000000000000000e+03 2.234343053681539801e-06 6.714478118296210245e-09
1.186000000000000000e+03 2.217176775437123058e-06 6.339858192291097219e-09
1.288000000000000000e+03 2.198358306321651175e-06 6.064520659235312165e-09
1.390000000000000000e+03 2.194926189333005465e-06 5.822735312785878221e-09
1.492000000000000000e+03 2.183416825310951377e-06 5.596907479027997644e-09
1.594000000000000000e+03 2.184647004163510872e-06 5.414065649262071305e-09
1.696000000000000000e+03 2.174024087732725517e-06 5.199211374187548892e-09
1.799000000000000000e+03 2.174306324164498191e-06 5.074541066757671764e-09
1.901000000000000000e+03 2.166588332014610641e-06 4.918754097915989855e-09
2.003000000000000000e+03 2.157236077144151213e-06 4.769577399662400278e-09
2.106000000000000000e+03 2.163274666450405435e-06 4.644504172382145338e-09
2.208000000000000000e+03 2.161535228091235049e-06 4.550597203585530500e-09
2.310000000000000000e+03 2.152657171967904035e-06 4.435567625697217185e-09
2.412000000000000000e+03 2.149162566275361570e-06 4.330929105809461265e-09
2.514000000000000000e+03 2.144716387712510801e-06 4.234801648759291125e-09
2.616000000000000000e+03 2.141249960735277432e-06 4.123152963597046724e-09
2.719000000000000000e+03 2.148159383158022651e-06 4.077339344931074124e-09
2.821000000000000000e+03 2.143721626041722094e-06 3.995079771690977854e-09
2.923000000000000000e+03 2.146337457546965094e-06 3.929587582907352752e-09
3.025000000000000000e+03 2.141688806618353976e-06 3.855075414254855268e-09
3.128000000000000000e+03 2.138019776490100315e-06 3.766158020132606171e-09
3.230000000000000000e+03 2.138804487611583661e-06 3.725206175903624325e-09
3.332000000000000000e+03 2.143379061599644959e-06 3.675366162260823324e-09
3.434000000000000000e+03 2.132289264135506976e-06 3.602770151522684830e-09
3.536000000000000000e+03 2.142114108602574720e-06 3.547998811046820251e-09
3.639000000000000000e+03 2.137018534615267088e-06 3.506180458743315332e-09
3.741000000000000000e+03 2.138419517023227022e-06 3.461783433070552119e-09
3.843000000000000000e+03 2.141916823067713000e-06 3.420174845568292274e-09
3.945000000000000000e+03 2.136388212716807991e-06 3.367573996998748253e-09
4.048000000000000000e+03 2.132168182657590730e-06 3.301461536719652457e-09
4.150000000000000000e+03 2.127142135284091029e-06 3.268651683302473014e-09
4.252000000000000000e+03 2.123352966511748644e-06 3.224057378662463469e-09
4.354000000000000000e+03 2.120834176908056987e-06 3.181282776904748853e-09
4.456000000000000000e+03 2.112585989529744360e-06 3.117876265282723509e-09
4.559000000000000000e+03 2.100600273384327529e-06 3.080401362915419257e-09
4.661000000000000000e+03 2.095535143297466317e-06 3.038123001789792171e-09
4.763000000000000000e+03 2.086131270959889878e-06 2.992549414281950929e-09
4.865000000000000000e+03 2.082982605042847699e-06 2.956825352741290385e-09
4.968000000000000000e+03 2.062782781954341939e-06 2.883494520777226979e-09
5.070000000000000000e+03 2.058473465155174800e-06 2.861595293391505477e-09
5.172000000000000000e+03 2.043999344752577327e-06 2.814016902668571936e-09
5.274000000000000000e+03 2.036931954462418589e-06 2.777011030684886466e-09
5.376000000000000000e+03 2.025457929867016663e-06 2.735384525957557009e-09
5.478000000000000000e+03 2.013520065692548661e-06 2.679837491112819632e-09
5.581000000000000000e+03 2.014226444406199649e-06 2.669544689664710892e-09
5.683000000000000000e+03 1.998218734643535157e-06 2.624147948009209168e-09
5.785000000000000000e+03 1.995118053499210215e-06 2.596951547931011897e-09
5.888000000000000000e+03 1.980955738562030418e-06 2.543555224040914252e-09
5.990000000000000000e+03 1.977943660086961621e-06 2.530232633833718464e-09
6.092000000000000000e+03 1.979044599760544238e-06 2.509617161912003200e-09
