6.100000000000000000e+01 1.417426142589096019e-05 1.780236524146256069e-07
1.630000000000000000e+02 1.225237448666056434e-05 9.477342628841043821e-08
2.660000000000000000e+02 1.106549178694462960e-05 6.675384230730463785e-08
3.680000000000000000e+02 1.070287637350077710e-05 5.516757476654670327e-08
4.700000000000000000e+02 1.038853967809485232e-05 4.735082003986894795e-08
5.720000000000000000e+02 1.021984199741496880e-05 4.226666807279305587e-08
6.740000000000000000e+02 1.017019880440198654e-05 3.852503412337700604e-08
7.770000000000000000e+02 1.004998888205828394e-05 3.567814237083580461e-08
8.790000000000000000e+02 9.918349025353221038e-06 3.309153671075754905e-08
9.810000000000000000e+02 9.925505721033860975e-06 3.134689963380911211e-08
1.083000000000000000e+03 9.860871737719995974e-06 2.964399522602456030e-08
1.186000000000000000e+03 9.848682856229670337e-06 2.816682100856696986e-08
1.288000000000000000e+03 9.849337227435488778e-06 2.715599822438485882e-08
1.390000000000000000e+03 9.820303456400538653e-06 2.605526967087214067e-08
1.492000000000000000e+03 9.818381586364328140e-06 2.516137672420421338e-08
1.594000000000000000e+03 9.792524665314825897e-06 2.427753031145328991e-08
1.696000000000000000e+03 9.804277410463276509e-06 2.343110263756813413e-08
1.799000000000000000e+03 9.781943298333563733e-06 2.283050477132753974e-08
1.901000000000000000e+03 9.801563132286075195e-06 2.225690779538782531e-08
2.003000000000000000e+03 9.757771466848567376e-06 2.157798112201179423e-08
2.106000000000000000e+03 9.774072268118137307e-06 2.097946108476764292e-08
2.208000000000000000e+03 9.766293952630595774e-06 2.056766850727689097e-08
2.310000000000000000e+03 9.757523210002568505e-06 2.009745330999224102e-08
2.412000000000000000e+03 9.756218618083381351e-06 1.966700729934943968e-08
2.514000000000000000e+03 9.748108366022088884e-06 1.924786054629043815e-08
2.616000000000000000e+03 9.758979533695048397e-06 1.879060935155380554e-08
2.719000000000000000e+03 9.747453056202840909e-06 1.850648020190802902e-08
2.821000000000000000e+03 9.729495493752290022e-06 1.813131618818440017e-08
2.923000000000000000e+03 9.717034038733786663e-06 1.778473336841204481e-08
3.025000000000000000e+03 9.717175878287657325e-06 1.749341177021044230e-08
3.128000000000000000e+03 9.741549904876654965e-06 1.716049641548940585e-08
3.230000000000000000e+03 9.764849318986652406e-06 1.700232005861475778e-08
3.332000000000000000e+03 9.775800845271605412e-06 1.676367190774574248e-08
3.434000000000000000e+03 9.727259529238457632e-06 1.643508957745056354e-08
3.536000000000000000e+03 9.735023952574294723e-06 1.612541141955916460e-08
3.639000000000000000e+03 9.739538082910704795e-06 1.598306628914776545e-08
3.741000000000000000e+03 9.749150159141183365e-06 1.578063772797150233e-08
3.843000000000000000e+03 9.723019332334795014e-06 1.552401410458199174e-08
3.945000000000000000e+03 9.753163567492810268e-06 1.537574644706344025e-08
4.048000000000000000e+03 9.733312556627609767e-06 1.507236908713080122e-08
4.150000000000000000e+03 9.698838104166234819e-06 1.490717821130163269e-08
4.252000000000000000e+03 9.665851268937696714e-06 1.467070916996810383e-08
4.354000000000000000e+03 9.651573207641911167e-06 1.448284797611276520e-08
4.456000000000000000e+03 9.635814890040152479e-06 1.421983238932250164e-08
4.559000000000000000e+03 9.584341145159110418e-06 1.404904201102211955e-08
4.661000000000000000e+03 9.564359495010722157e-06 1.387056789121372079e-08
4.763000000000000000e+03 9.537307253724175996e-06 1.367993845906322786e-08
4.865000000000000000e+03 9.469288882859172861e-06 1.344029021216591249e-08
4.968000000000000000e+03 9.414326578565312617e-06 1.316259328842398075e-08
5.070000000000000000e+03 9.382464811568569062e-06 1.304360303017554383e-08
5.172000000000000000e+03 9.354963446256887272e-06 1.288104582275282966e-08
5.274000000000000000e+03 9.288413757496983571e-06 1.266108485016111139e-08
5.376000000000000000e+03 9.259168282304140033e-06 1.250040460393303639e-08
5.478000000000000000e+03 9.234404287745061229e-06 1.229319626658166437e-08
5.581000000000000000e+03 9.178880528321665841e-06 1.216420633271927655e-08
5.683000000000000000e+03 9.142931685241256805e-06 1.200755129132655960e-08
5.785000000000000000e+03 9.095742635511557689e-06 1.183968075048290849e-08
5.888000000000000000e+03 9.064769183842563718e-06 1.163926398069442240e-08
5.990000000000000000e+03 9.048389809088769301e-06 1.157607092460101812e-08
6.092000000000000000e+03 9.053299483934387589e-06 1.147848653743659460e-08
