6.100000000000000000e+01 1.445361920488748362e-05 1.810142630629577454e-07
1.630000000000000000e+02 1.243814931401941434e-05 9.594252720257236866e-08
2.660000000000000000e+02 1.124256714949547181e-05 6.790895634514378604e-08
3.680000000000000000e+02 1.070796827402683116e-05 5.512410311161922996e-08
4.700000000000000000e+02 1.036759755466550434e-05 4.726786497374303424e-08
5.720000000000000000e+02 1.021084852711777664e-05 4.222287542233971010e-08
6.740000000000000000e+02 1.013339691288078134e-05 3.837438576157559834e-08
7.770000000000000000e+02 9.999289043180107457e-06 3.547452713462425660e-08
8.790000000000000000e+02 9.954901436558834108e-06 3.322954594718303688e-08
9.810000000000000000e+02 9.886869440555014365e-06 3.123749074606406007e-08
1.083000000000000000e+03 9.952630140589292543e-06 2.991260381261427340e-08
1.186000000000000000e+03 9.858236988695492648e-06 2.820243858558694117e-08
1.288000000000000000e+03 9.889338171270718500e-06 2.726743713097945972e-08
1.390000000000000000e+03 9.843185897736932247e-06 2.612649033488068535e-08
1.492000000000000000e+03 9.813413246815840021e-06 2.514596464213255131e-08
1.594000000000000000e+03 9.766903417802532842e-06 2.421689208775356596e-08
1.696000000000000000e+03 9.795424696627292341e-06 2.341761009422466279e-08
1.799000000000000000e+03 9.781480395806812012e-06 2.282219294052417156e-08
1.901000000000000000e+03 9.796884054939452002e-06 2.223744798643598801e-08
2.003000000000000000e+03 9.763131200340047577e-06 2.159711611311489274e-08
2.106000000000000000e+03 9.745896622424671794e-06 2.092445154257724197e-08
2.208000000000000000e+03 9.767062424157541467e-06 2.057303084428900185e-08
2.310000000000000000e+03 9.787428320291887462e-06 2.014808520675242442e-08
2.412000000000000000e+03 9.758105118278389176e-06 1.967677873832480182e-08
2.514000000000000000e+03 9.738612929646264137e-06 1.921896200723238358e-08
2.616000000000000000e+03 9.725736341319577395e-06 1.873687521313219124e-08
2.719000000000000000e+03 9.743742940275312709e-06 1.849373766503543695e-08
2.821000000000000000e+03 9.743263684787635965e-06 1.816023995590179607e-08
2.923000000000000000e+03 9.762072682580806996e-06 1.786785879130625855e-08
3.025000000000000000e+03 9.750226048192090015e-06 1.754675488784159760e-08
3.128000000000000000e+03 9.722160469963988212e-06 1.712972345758178253e-08
3.230000000000000000e+03 9.741688639662692554e-06 1.696593255557236045e-08
3.332000000000000000e+03 9.748068466597023190e-06 1.671987811666417153e-08
3.434000000000000000e+03 9.738744374925267303e-06 1.644852328815791278e-08
3.536000000000000000e+03 9.711892010390094836e-06 1.609164856349039835e-08
3.639000000000000000e+03 9.759881859431255690e-06 1.601092064139056084e-08
3.741000000000000000e+03 9.725664813836755956e-06 1.574522523922733857e-08
3.843000000000000000e+03 9.725016374221845931e-06 1.553092327033754372e-08
3.945000000000000000e+03 9.708627627060489214e-06 1.530147945759184444e-08
4.048000000000000000e+03 9.717383373165484038e-06 1.504679062295229175e-08
4.150000000000000000e+03 9.698201560218608512e-06 1.490405157284420863e-08
4.252000000000000000e+03 9.685904080239438705e-06 1.470672691183269581e-08
4.354000000000000000e+03 9.669257610152106022e-06 1.450610266601063807e-08
4.456000000000000000e+03 9.646727833603445712e-06 1.423472770460787475e-08
4.559000000000000000e+03 9.633790722467784111e-06 1.412902811687536728e-08
4.661000000000000000e+03 9.560304557574641641e-06 1.386087713485274527e-08
4.763000000000000000e+03 9.502935654070760341e-06 1.363471849946455997e-08
4.865000000000000000e+03 9.465455745248931257e-06 1.343460468995660519e-08
4.968000000000000000e+03 9.434445511634695618e-06 1.318880613604251178e-08
5.070000000000000000e+03 9.398522330428293100e-06 1.306848295626076053e-08
5.172000000000000000e+03 9.337824574498844148e-06 1.285334946020253409e-08
5.274000000000000000e+03 9.297844197516951268e-06 1.267512472567289470e-08
5.376000000000000000e+03 9.263367322425801714e-06 1.250788613695280692e-08
5.478000000000000000e+03 9.231504609940612864e-06 1.228627976115565947e-08
5.581000000000000000e+03 9.196848387920755367e-06 1.218734380022792030e-08
5.683000000000000000e+03 9.139200646987428347e-06 1.200269415848475149e-08
5.785000000000000000e+03 9.099754136347033807e-06 1.184490615447141104e-08
5.888000000000000000e+03 9.081456146958512808e-06 1.166240181746416783e-08
5.990000000000000000e+03 9.030128879042381709e-06 1.155299774958284560e-08
6.092000000000000000e+03 9.074926884390902991e-06 1.150475985792533805e-08
