6.100000000000000000e+01 1.434478657039717931e-05 1.801473559539208247e-07
1.630000000000000000e+02 1.229354609803598222e-05 9.495758001736600926e-08
2.660000000000000000e+02 1.106208314726846571e-05 6.671186962200649189e-08
3.680000000000000000e+02 1.070810471957423401e-05 5.522979253363539438e-08
4.700000000000000000e+02 1.031552012231399988e-05 4.705092071532816145e-08
5.720000000000000000e+02 1.019939497311524434e-05 4.216276093148830751e-08
6.740000000000000000e+02 1.002336896773429224e-05 3.798636099134199920e-08
7.770000000000000000e+02 1.000718139400196569e-05 3.549195329122238065e-08
8.790000000000000000e+02 9.960731572009512129e-06 3.324350551246646147e-08
9.810000000000000000e+02 9.952665872141717391e-06 3.144022389955676274e-08
1.083000000000000000e+03 9.862840638487515812e-06 2.964878595691212312e-08
1.186000000000000000e+03 9.852190026236257303e-06 2.818238376240031046e-08
1.288000000000000000e+03 9.833163864897447853e-06 2.709820806913750490e-08
1.390000000000000000e+03 9.819623863140182924e-06 2.606768386713502475e-08
1.492000000000000000e+03 9.817402993657556304e-06 2.515668544948385719e-08
1.594000000000000000e+03 9.807622039870349994e-06 2.431436899233252578e-08
1.696000000000000000e+03 9.796041212318394489e-06 2.342874425384997940e-08
1.799000000000000000e+03 9.802861547184666888e-06 2.287270333445594252e-08
1.901000000000000000e+03 9.771105284817949683e-06 2.217842030175426656e-08
2.003000000000000000e+03 9.753226616440693506e-06 2.156869959484717397e-08
2.106000000000000000e+03 9.781047386751852470e-06 2.099609349564764352e-08
2.208000000000000000e+03 9.761864844011055930e-06 2.056237449926921011e-08
2.310000000000000000e+03 9.789396331667648478e-06 2.016350363769445013e-08
2.412000000000000000e+03 9.773040045117242661e-06 1.968948945817360308e-08
2.514000000000000000e+03 9.751034638957909535e-06 1.925405790968952602e-08
2.616000000000000000e+03 9.728102417429355771e-06 1.873758060956279427e-08
2.719000000000000000e+03 9.741645241853017379e-06 1.849105173603124125e-08
2.821000000000000000e+03 9.742786232027590565e-06 1.816161468543003279e-08
2.923000000000000000e+03 9.713496098502781261e-06 1.778117423081529170e-08
3.025000000000000000e+03 9.708315346806871993e-06 1.747184817276693499e-08
3.128000000000000000e+03 9.696055275452792344e-06 1.707927488917952489e-08
3.230000000000000000e+03 9.717550159380998888e-06 1.692871200178528383e-08
3.332000000000000000e+03 9.744787312734628281e-06 1.670810575990042839e-08
3.434000000000000000e+03 9.720386282693887838e-06 1.642016424929552108e-08
3.536000000000000000e+03 9.735317741881050290e-06 1.612489753621261648e-08
3.639000000000000000e+03 9.715876152788430453e-06 1.594768642054909298e-08
3.741000000000000000e+03 9.733043347699500599e-06 1.575112986225786948e-08
3.843000000000000000e+03 9.735587329935106268e-06 1.554932677641811380e-08
3.945000000000000000e+03 9.710389241594793801e-06 1.530535324133520170e-08
4.048000000000000000e+03 9.723495123361414923e-06 1.505971142589589279e-08
4.150000000000000000e+03 9.704968745792848947e-06 1.491056795690797793e-08
4.252000000000000000e+03 9.672335157736657005e-06 1.468450810809511291e-08
4.354000000000000000e+03 9.669610302585564913e-06 1.450786260891904599e-08
4.456000000000000000e+03 9.629862251725129110e-06 1.420920519473212437e-08
4.559000000000000000e+03 9.609689659904733201e-06 1.408856198449254460e-08
4.661000000000000000e+03 9.534781205901160121e-06 1.382770573057567119e-08
4.763000000000000000e+03 9.528583379717932080e-06 1.366651141838975594e-08
4.865000000000000000e+03 9.446973887747434756e-06 1.341053128967474573e-08
4.968000000000000000e+03 9.410109446775682786e-06 1.315331530158797003e-08
5.070000000000000000e+03 9.393270426039759303e-06 1.305815749217041533e-08
5.172000000000000000e+03 9.359148645141544348e-06 1.288573266189304438e-08
5.274000000000000000e+03 9.297138930220493554e-06 1.267453553723167251e-08
5.376000000000000000e+03 9.263124642670348343e-06 1.250935667584066581e-08
5.478000000000000000e+03 9.222702808308765361e-06 1.227709307209661507e-08
5.581000000000000000e+03 9.185454689994495284e-06 1.217276247866672045e-08
5.683000000000000000e+03 9.131662394755463518e-06 1.199132366670445859e-08
5.785000000000000000e+03 9.118649694726142167e-06 1.186803625159468670e-08
5.888000000000000000e+03 9.074582400583249957e-06 1.165411979553542314e-08
5.990000000000000000e+03 9.039815132253575070e-06 1.156289983720380151e-08
6.092000000000000000e+03 9.065858398964934809e-06 1.149468491316536710e-08
