6.100000000000000000e+01 1.465862683470784708e-05 1.842511648303122382e-07
1.630000000000000000e+02 1.234953714895435600e-05 9.533190311704012921e-08
2.660000000000000000e+02 1.128797396571279736e-05 6.810868329924061304e-08
3.680000000000000000e+02 1.066161950292905319e-05 5.498211840931008352e-08
4.700000000000000000e+02 1.042178969861490654e-05 4.755104765504193010e-08
5.720000000000000000e+02 1.019604283278588207e-05 4.216088081250724667e-08
6.740000000000000000e+02 1.007913419997950620e-05 3.816329952628710191e-08
7.770000000000000000e+02 9.941140575614429130e-06 3.529080471829216332e-08
8.790000000000000000e+02 9.970240617227161653e-06 3.327201157620878224e-08
9.810000000000000000e+02 9.954901946360387362e-06 3.143654049434111148e-08
1.083000000000000000e+03 9.851621685630785051e-06 2.961446182525258133e-08
1.186000000000000000e+03 9.878568008967174990e-06 2.826353916570729825e-08
1.288000000000000000e+03 9.852826759729043911e-06 2.716291333449646590e-08
1.390000000000000000e+03 9.825020481939137642e-06 2.608706649457874458e-08
1.492000000000000000e+03 9.826386868013685367e-06 2.517503128464222113e-08
1.594000000000000000e+03 9.788898765528077675e-06 2.426140721906505936e-08
1.696000000000000000e+03 9.791896242113355805e-06 2.341192720880522654e-08
1.799000000000000000e+03 9.801347214081967412e-06 2.286987150680469481e-08
1.901000000000000000e+03 9.787692638116996517e-06 2.221157777471447343e-08
2.003000000000000000e+03 9.748820806804854127e-06 2.157119702626349233e-08
2.106000000000000000e+03 9.799205765470763734e-06 2.102224090347275594e-08
2.208000000000000000e+03 9.763836233759846204e-06 2.057538922066826129e-08
2.310000000000000000e+03 9.800313533542205131e-06 2.018002311134172663e-08
2.412000000000000000e+03 9.762803684118876165e-06 1.968089591007849853e-08
2.514000000000000000e+03 9.756453661919368750e-06 1.925805962697265439e-08
2.616000000000000000e+03 9.736153385304877490e-06 1.875383599002070553e-08
2.719000000000000000e+03 9.757003650740425629e-06 1.851943181396491368e-08
2.821000000000000000e+03 9.751563424026486122e-06 1.817512118670141850e-08
2.923000000000000000e+03 9.733882216096318617e-06 1.782151297711156435e-08
3.025000000000000000e+03 9.754584198482805626e-06 1.755472742366149463e-08
3.128000000000000000e+03 9.732087624199257261e-06 1.714248736771269763e-08
3.230000000000000000e+03 9.735858436857750277e-06 1.696039667884946825e-08
3.332000000000000000e+03 9.723679043771326060e-06 1.667700769135632509e-08
3.434000000000000000e+03 9.737727548690145867e-06 1.644958708240485338e-08
3.536000000000000000e+03 9.722341414093893343e-06 1.610375995474179488e-08
3.639000000000000000e+03 9.740934127214719474e-06 1.598267208524585200e-08
3.741000000000000000e+03 9.741750931446099682e-06 1.576722845226232147e-08
3.843000000000000000e+03 9.733241260262386668e-06 1.554460915189734210e-08
3.945000000000000000e+03 9.709724753956618554e-06 1.530549515782743006e-08
4.048000000000000000e+03 9.710349409540097848e-06 1.503639448253130349e-08
4.150000000000000000e+03 9.706153221036246189e-06 1.491403591386470870e-08
4.252000000000000000e+03 9.688071289463721713e-06 1.470851876471505093e-08
4.354000000000000000e+03 9.670327702833907629e-06 1.450638101409128479e-08
4.456000000000000000e+03 9.616873546219200010e-06 1.419261878775137189e-08
4.559000000000000000e+03 9.615427847209492623e-06 1.409975369864226386e-08
4.661000000000000000e+03 9.566344295656230789e-06 1.387042562492552551e-08
4.763000000000000000e+03 9.517219162043546774e-06 1.365301148274482574e-08
4.865000000000000000e+03 9.468214526555688982e-06 1.344005056702802938e-08
4.968000000000000000e+03 9.420104993709623484e-06 1.316680332984763934e-08
5.070000000000000000e+03 9.401646514261089300e-06 1.307290884558467919e-08
5.172000000000000000e+03 9.358866582788920123e-06 1.288630289535737369e-08
5.274000000000000000e+03 9.319458723812675351e-06 1.270136528058122840e-08
5.376000000000000000e+03 9.254133955686556285e-06 1.249673159738979665e-08
5.478000000000000000e+03 9.230721541575426418e-06 1.228677269048850965e-08
5.581000000000000000e+03 9.185411677707639358e-06 1.217352141127801538e-08
5.683000000000000000e+03 9.140037329633102009e-06 1.200204241515871751e-08
5.785000000000000000e+03 9.088284822383280799e-06 1.182863577962082829e-08
5.888000000000000000e+03 9.058671522318483555e-06 1.163263991216222352e-08
5.990000000000000000e+03 9.051727774397219742e-06 1.157736953531571561e-08
6.092000000000000000e+03 9.064358287685761234e-06 1.149671321899453009e-08
