6.100000000000000000e+01 1.447892118046661748e-05 1.816520051920032407e-07
1.630000000000000000e+02 1.249208788340817712e-05 9.661387087117575432e-08
2.660000000000000000e+02 1.137562348597337590e-05 6.856937959739009827e-08
3.680000000000000000e+02 1.078056524611387351e-05 5.552262739932987513e-08
4.700000000000000000e+02 1.039758043121515827e-05 4.743069288921084444e-08
5.720000000000000000e+02 1.036921121279238512e-05 4.288162045312638741e-08
6.740000000000000000e+02 1.011732359174137937e-05 3.835688010186211635e-08
7.770000000000000000e+02 1.012456823501621696e-05 3.594515710080463238e-08
8.790000000000000000e+02 1.002979874876057566e-05 3.344907677088958388e-08
9.810000000000000000e+02 1.002494939011655190e-05 3.166029824032683433e-08
1.083000000000000000e+03 1.000843652748918928e-05 3.009121606236826406e-08
1.186000000000000000e+03 9.963543426295251294e-06 2.850232902599697148e-08
1.288000000000000000e+03 9.944507242150112922e-06 2.742939376749979260e-08
1.390000000000000000e+03 9.901373287887587144e-06 2.627154368773641254e-08
1.492000000000000000e+03 9.934623494175697105e-06 2.546046066143910363e-08
1.594000000000000000e+03 9.853995386563611493e-06 2.442498833002323824e-08
1.696000000000000000e+03 9.875722593827746280e-06 2.360630471905256282e-08
1.799000000000000000e+03 9.846693288558447445e-06 2.297756859944725854e-08
1.901000000000000000e+03 9.907591111428575232e-06 2.249534675706632384e-08
2.003000000000000000e+03 9.844767692963362198e-06 2.176642096053904417e-08
2.106000000000000000e+03 9.805112143892894748e-06 2.105102856065500218e-08
2.208000000000000000e+03 9.815039715339995014e-06 2.067790444991202281e-08
2.310000000000000000e+03 9.845723558026350068e-06 2.027179650210842130e-08
2.412000000000000000e+03 9.827492636122749794e-06 1.980284221382700358e-08
2.514000000000000000e+03 9.831699455346140504e-06 1.941273225912202674e-08
2.616000000000000000e+03 9.798021861696450433e-06 1.887095628588794307e-08
2.719000000000000000e+03 9.829605502966573576e-06 1.866157710301156391e-08
2.821000000000000000e+03 9.821377472149987636e-06 1.830457516688527112e-08
2.923000000000000000e+03 9.785547157239491382e-06 1.791702170630503486e-08
3.025000000000000000e+03 9.836258287706884724e-06 1.770002833352556779e-08
3.128000000000000000e+03 9.810697316591973481e-06 1.728805733421155727e-08
3.230000000000000000e+03 9.819009359725280531e-06 1.710023074638281283e-08
3.332000000000000000e+03 9.778181083917612733e-06 1.677308342786930715e-08
3.434000000000000000e+03 9.832912954927861592e-06 1.660539567352208511e-08
3.536000000000000000e+03 9.815712708840749481e-06 1.625878457484501177e-08
3.639000000000000000e+03 9.794398280795838584e-06 1.607323143285202268e-08
3.741000000000000000e+03 9.807367453805814522e-06 1.587634738965775840e-08
3.843000000000000000e+03 9.782586670865574792e-06 1.561444217430928431e-08
3.945000000000000000e+03 9.767433949653153119e-06 1.539618390288407944e-08
4.048000000000000000e+03 9.776101703035017422e-06 1.514111288803584919e-08
4.150000000000000000e+03 9.777756761666133779e-06 1.502683581007583089e-08
4.252000000000000000e+03 9.762680691907434105e-06 1.481852723403291036e-08
4.354000000000000000e+03 9.719484799542701939e-06 1.458333521437670835e-08
4.456000000000000000e+03 9.688315784568881444e-06 1.429651542675432306e-08
4.559000000000000000e+03 9.669803660613819664e-06 1.418108630797612457e-08
4.661000000000000000e+03 9.617502548468208644e-06 1.394535622621053080e-08
4.763000000000000000e+03 9.580254348294706040e-06 1.374340728611205625e-08
4.865000000000000000e+03 9.535379819474578970e-06 1.353564569532942969e-08
4.968000000000000000e+03 9.486676172873577810e-06 1.325954036451147020e-08
5.070000000000000000e+03 9.447027048900668981e-06 1.313531285157218691e-08
5.172000000000000000e+03 9.403625840038780327e-06 1.294510799438200679e-08
5.274000000000000000e+03 9.358083884677462680e-06 1.275659309029977605e-08
5.376000000000000000e+03 9.317358874746684569e-06 1.258285056283316664e-08
5.478000000000000000e+03 9.285662329730445558e-06 1.236066924925518202e-08
5.581000000000000000e+03 9.254424442625377350e-06 1.226298993168665431e-08
5.683000000000000000e+03 9.217600402382718320e-06 1.210355947953905783e-08
5.785000000000000000e+03 9.167951157488878509e-06 1.193338680421822169e-08
5.888000000000000000e+03 9.118015351906742081e-06 1.170769032917330551e-08
5.990000000000000000e+03 9.090198223295031557e-06 1.162916142735877338e-08
6.092000000000000000e+03 9.122342884620382195e-06 1.156839327336052204e-08
