6.100000000000000000e+01 1.440339305049635285e-05 1.808649873656341639e-07
1.630000000000000000e+02 1.228947978154429920e-05 9.485453527040569167e-08
2.660000000000000000e+02 1.123185363746386684e-05 6.780660824134585245e-08
3.680000000000000000e+02 1.066313833652555151e-05 5.493851176348546151e-08
4.700000000000000000e+02 1.043609353541093620e-05 4.756195348523233400e-08
5.720000000000000000e+02 1.018781044010590693e-05 4.215147898462415688e-08
6.740000000000000000e+02 1.003348417244323744e-05 3.802808234156284087e-08
7.770000000000000000e+02 1.000650009711637604e-05 3.551366847413036784e-08
8.790000000000000000e+02 9.986468611195063825e-06 3.331172010727286896e-08
9.810000000000000000e+02 9.953022629219354498e-06 3.143585445411701867e-08
1.083000000000000000e+03 9.913821773998006355e-06 2.980935897110995385e-08
1.186000000000000000e+03 9.882151647552426898e-06 2.826770132023514179e-08
1.288000000000000000e+03 9.817592466010292528e-06 2.707247641707159715e-08
1.390000000000000000e+03 9.868802505320521868e-06 2.619624886924753253e-08
1.492000000000000000e+03 9.820095395557543058e-06 2.516501544942928159e-08
1.594000000000000000e+03 9.823764770505294719e-06 2.434891065843184307e-08
1.696000000000000000e+03 9.802875501506411090e-06 2.343641849863616275e-08
1.799000000000000000e+03 9.801301579318306070e-06 2.286672394696799203e-08
1.901000000000000000e+03 9.758573073332376671e-06 2.216440021436070346e-08
2.003000000000000000e+03 9.769333716475920407e-06 2.160353212621106480e-08
2.106000000000000000e+03 9.805882721526196243e-06 2.104928012668581308e-08
2.208000000000000000e+03 9.742915564519043635e-06 2.052168134010049457e-08
2.310000000000000000e+03 9.775778547323000624e-06 2.013202337624710047e-08
2.412000000000000000e+03 9.765933564113569494e-06 1.968102592929814768e-08
2.514000000000000000e+03 9.760986970806302703e-06 1.927274731153678109e-08
2.616000000000000000e+03 9.741146800116659457e-06 1.875587761633723071e-08
2.719000000000000000e+03 9.743854331807188978e-06 1.850083201897137486e-08
2.821000000000000000e+03 9.742379921179700159e-06 1.815044313120607454e-08
2.923000000000000000e+03 9.752428055937589898e-06 1.785952026225525902e-08
3.025000000000000000e+03 9.719909427750746789e-06 1.749573118692700960e-08
3.128000000000000000e+03 9.761464963991515285e-06 1.719484436430129631e-08
3.230000000000000000e+03 9.736285607966889221e-06 1.695627580053294750e-08
3.332000000000000000e+03 9.752244491399205060e-06 1.672441930164447912e-08
3.434000000000000000e+03 9.751556448529279903e-06 1.647156649816742038e-08
3.536000000000000000e+03 9.733359767391247180e-06 1.612439910174950270e-08
3.639000000000000000e+03 9.736387987503380045e-06 1.598103227333568870e-08
3.741000000000000000e+03 9.715621532443197668e-06 1.572335849749384263e-08
3.843000000000000000e+03 9.697207944893450462e-06 1.548875226641606285e-08
3.945000000000000000e+03 9.721765337242263043e-06 1.531937884600052108e-08
4.048000000000000000e+03 9.713912313662217512e-06 1.504213354046813511e-08
4.150000000000000000e+03 9.696648397613988514e-06 1.490147427491959220e-08
4.252000000000000000e+03 9.710008021168847945e-06 1.474040584650422171e-08
4.354000000000000000e+03 9.641098330842688075e-06 1.446687535783970905e-08
4.456000000000000000e+03 9.625488777291276682e-06 1.420315619039671270e-08
4.559000000000000000e+03 9.594242055902367240e-06 1.406938395146283509e-08
4.661000000000000000e+03 9.548038823903690780e-06 1.384509157274801225e-08
4.763000000000000000e+03 9.518574919364308854e-06 1.365300128692513687e-08
4.865000000000000000e+03 9.452495218136141848e-06 1.341760348666049413e-08
4.968000000000000000e+03 9.426376857385424006e-06 1.317678067969117811e-08
5.070000000000000000e+03 9.367740788078882748e-06 1.302496013407343193e-08
5.172000000000000000e+03 9.336522695413705447e-06 1.285328487636218490e-08
5.274000000000000000e+03 9.304519743564566690e-06 1.268489036970510289e-08
5.376000000000000000e+03 9.267728680170124101e-06 1.251294862323987202e-08
5.478000000000000000e+03 9.204504566503755449e-06 1.225253538112035002e-08
5.581000000000000000e+03 9.191909939219836161e-06 1.217992200885529155e-08
5.683000000000000000e+03 9.128668870969676853e-06 1.198932321437044614e-08
5.785000000000000000e+03 9.114362920484782890e-06 1.186187257733749257e-08
5.888000000000000000e+03 9.049010438024577565e-06 1.162087827600426919e-08
5.990000000000000000e+03 9.027924052561465105e-06 1.154808531247502611e-08
6.092000000000000000e+03 9.046061899432785184e-06 1.146942387018513621e-08
