6.100000000000000000e+01 1.451552485178048477e-05 1.822947864058981851e-07
1.630000000000000000e+02 1.232117330952262476e-05 9.506941524797700740e-08
2.660000000000000000e+02 1.132801745224427752e-05 6.845911457177349184e-08
3.680000000000000000e+02 1.071494897617414097e-05 5.517325271474676414e-08
4.700000000000000000e+02 1.047247514018746631e-05 4.777777504444554307e-08
5.720000000000000000e+02 1.023759685865637289e-05 4.228235248714643639e-08
6.740000000000000000e+02 1.008348631265121884e-05 3.822368934306101156e-08
7.770000000000000000e+02 1.012373436558050322e-05 3.591648889532784647e-08
8.790000000000000000e+02 9.992762929510867544e-06 3.335404501442911349e-08
9.810000000000000000e+02 9.933151269747688875e-06 3.137897792398637546e-08
1.083000000000000000e+03 9.823632940433618094e-06 2.952976678694060037e-08
1.186000000000000000e+03 9.862457410619053500e-06 2.821530951533188125e-08
1.288000000000000000e+03 9.899505677331611695e-06 2.729895250645574586e-08
1.390000000000000000e+03 9.881648165305743835e-06 2.622885394793112045e-08
1.492000000000000000e+03 9.798163589265963694e-06 2.510103415443080391e-08
1.594000000000000000e+03 9.790265918690941213e-06 2.427612943507249769e-08
1.696000000000000000e+03 9.746041397155107486e-06 2.330193590620368938e-08
1.799000000000000000e+03 9.808534788934537984e-06 2.288613503916159616e-08
1.901000000000000000e+03 9.803271769445712330e-06 2.225708105574002687e-08
2.003000000000000000e+03 9.779556476142247767e-06 2.162017823568029503e-08
2.106000000000000000e+03 9.753802377291444711e-06 2.094531357736683693e-08
2.208000000000000000e+03 9.781483996051487149e-06 2.060022445022444925e-08
2.310000000000000000e+03 9.777134294108061975e-06 2.013445337425784066e-08
2.412000000000000000e+03 9.737462662978592224e-06 1.962798301962236526e-08
2.514000000000000000e+03 9.743305016309518484e-06 1.923465351607514041e-08
2.616000000000000000e+03 9.745873000353472395e-06 1.876624885245589742e-08
2.719000000000000000e+03 9.754704208841208731e-06 1.851624726679873997e-08
2.821000000000000000e+03 9.728177735048466066e-06 1.813543949122527078e-08
2.923000000000000000e+03 9.747213719316981685e-06 1.784975376183750823e-08
3.025000000000000000e+03 9.756025449653905782e-06 1.755229285230051715e-08
3.128000000000000000e+03 9.730054418307831947e-06 1.714114557470837162e-08
3.230000000000000000e+03 9.727028552631300032e-06 1.694395765617280219e-08
3.332000000000000000e+03 9.737575271591795165e-06 1.669732063951415665e-08
3.434000000000000000e+03 9.723571348484962145e-06 1.642970729830195360e-08
3.536000000000000000e+03 9.708466303393283899e-06 1.608007900653074753e-08
3.639000000000000000e+03 9.723516759489721914e-06 1.595814458662362208e-08
3.741000000000000000e+03 9.720883150492732236e-06 1.572990581311947394e-08
3.843000000000000000e+03 9.746648232127741503e-06 1.556699462034542828e-08
3.945000000000000000e+03 9.747544584088383869e-06 1.536124416580030638e-08
4.048000000000000000e+03 9.699046033129695384e-06 1.501949422076753633e-08
4.150000000000000000e+03 9.683316547158568900e-06 1.488285491647732206e-08
4.252000000000000000e+03 9.674364541883158144e-06 1.469074328127193765e-08
4.354000000000000000e+03 9.673310884248312240e-06 1.450699958378885844e-08
4.456000000000000000e+03 9.621761499531780127e-06 1.420115656195205379e-08
4.559000000000000000e+03 9.576387101274801229e-06 1.404114945946499294e-08
4.661000000000000000e+03 9.557362679271338537e-06 1.386010256979099277e-08
4.763000000000000000e+03 9.522246711234606743e-06 1.365818983044162121e-08
4.865000000000000000e+03 9.484139678844251826e-06 1.346372473273122309e-08
4.968000000000000000e+03 9.414754319476395091e-06 1.315787401281014973e-08
5.070000000000000000e+03 9.383773140205475184e-06 1.304767430245470563e-08
5.172000000000000000e+03 9.350139444583037337e-06 1.287469211250430297e-08
5.274000000000000000e+03 9.309956204788338396e-06 1.268925057914252751e-08
5.376000000000000000e+03 9.256526822033733415e-06 1.249782913369360308e-08
5.478000000000000000e+03 9.244020979798683358e-06 1.230687946189456049e-08
5.581000000000000000e+03 9.174077519776410990e-06 1.215721424172284920e-08
5.683000000000000000e+03 9.142205775984315591e-06 1.200607291156101226e-08
5.785000000000000000e+03 9.106265913357023406e-06 1.185512241682985339e-08
5.888000000000000000e+03 9.063513968823243579e-06 1.163745897588480919e-08
5.990000000000000000e+03 9.032287827473597193e-06 1.155171584443480103e-08
6.092000000000000000e+03 9.045021464229201764e-06 1.147101369381759256e-08
