6.100000000000000000e+01 2.088780766095633533e-06 2.619969626961150567e-08
1.630000000000000000e+02 2.117540864195893791e-06 1.632756705182203486e-08
2.660000000000000000e+02 2.117485958309788052e-06 1.275791752958506024e-08
3.680000000000000000e+02 2.121280737810153371e-06 1.092953218066271166e-08
4.700000000000000000e+02 2.119279036868802494e-06 9.669858370949566865e-09
5.720000000000000000e+02 2.117001445683003606e-06 8.750939419536746056e-09
6.740000000000000000e+02 2.108333245840892804e-06 7.992825363559787073e-09
7.770000000000000000e+02 2.107152557143338386e-06 7.476031694578283144e-09
8.790000000000000000e+02 2.132783453810794915e-06 7.120772230214573357e-09
9.810000000000000000e+02 2.122100305397036660e-06 6.702118547913934005e-09
1.083000000000000000e+03 2.125329044291714454e-06 6.385357033650420594e-09
1.186000000000000000e+03 2.120456859604540290e-06 6.063764234626674470e-09
1.288000000000000000e+03 2.119768364134968801e-06 5.848726882824903769e-09
1.390000000000000000e+03 2.118334235663834438e-06 5.618636018607419932e-09
1.492000000000000000e+03 2.109757225308221584e-06 5.404464268723549850e-09
1.594000000000000000e+03 2.122814837741999761e-06 5.263595198656123521e-09
1.696000000000000000e+03 2.117000017554915186e-06 5.060316944614756857e-09
1.799000000000000000e+03 2.107059669884547441e-06 4.918265229891953942e-09
1.901000000000000000e+03 2.108902641503989252e-06 4.789605350960879607e-09
2.003000000000000000e+03 2.118704554937044533e-06 4.683617591723183294e-09
2.106000000000000000e+03 2.111280065971870795e-06 4.532789906720930145e-09
2.208000000000000000e+03 2.116229078702009454e-06 4.456997499914925967e-09
2.310000000000000000e+03 2.120921717327480087e-06 4.369587402297805587e-09
2.412000000000000000e+03 2.119636821853758868e-06 4.272577684078553958e-09
2.514000000000000000e+03 2.117248823308948917e-06 4.179664907646192812e-09
2.616000000000000000e+03 2.121417383267936198e-06 4.084688608310350109e-09
2.719000000000000000e+03 2.122134389896231265e-06 4.028767411797410715e-09
2.821000000000000000e+03 2.127762621190501966e-06 3.965632754939593537e-09
2.923000000000000000e+03 2.117161410340780644e-06 3.876365068205512399e-09
3.025000000000000000e+03 2.120264592561080702e-06 3.816276197033542974e-09
3.128000000000000000e+03 2.125385319979881822e-06 3.742775835793981646e-09
3.230000000000000000e+03 2.111025392157151278e-06 3.678034179285054121e-09
3.332000000000000000e+03 2.118356954814065406e-06 3.633351022271484351e-09
3.434000000000000000e+03 2.121281027593519182e-06 3.583322475497992457e-09
3.536000000000000000e+03 2.120502811824722518e-06 3.512207554086588475e-09
3.639000000000000000e+03 2.121784535473059508e-06 3.481455369461183176e-09
3.741000000000000000e+03 2.118113418596183151e-06 3.428415881912717736e-09
3.843000000000000000e+03 2.117599531081342217e-06 3.381846400161995000e-09
3.945000000000000000e+03 2.119125387851558690e-06 3.340334467738526298e-09
4.048000000000000000e+03 2.117398334906041854e-06 3.278408897589377438e-09
4.150000000000000000e+03 2.118158837614442331e-06 3.255551373551210545e-09
4.252000000000000000e+03 2.112364302006078506e-06 3.206727025503160765e-09
4.354000000000000000e+03 2.106779038076555976e-06 3.160371318424071630e-09
4.456000000000000000e+03 2.097350125556157440e-06 3.095576366210105281e-09
4.559000000000000000e+03 2.098074836655475665e-06 3.076079500486401883e-09
4.661000000000000000e+03 2.083666497862942312e-06 3.021685461784593136e-09
4.763000000000000000e+03 2.073774406626865859e-06 2.974849642672971665e-09
4.865000000000000000e+03 2.061814823914484705e-06 2.926460713773071768e-09
4.968000000000000000e+03 2.058499655213041898e-06 2.877652969830319696e-09
5.070000000000000000e+03 2.041225722987173663e-06 2.837706885546866676e-09
5.172000000000000000e+03 2.031704878609945541e-06 2.797096220919150175e-09
5.274000000000000000e+03 2.027271621050978597e-06 2.763491624999449551e-09
5.376000000000000000e+03 2.022747286785113918e-06 2.731505076609354630e-09
5.478000000000000000e+03 2.010719382590786293e-06 2.676381054068434634e-09
5.581000000000000000e+03 2.000394148247719331e-06 2.650561567078890414e-09
5.683000000000000000e+03 1.995001202750209752e-06 2.620390482154077115e-09
5.785000000000000000e+03 1.986915029221003787e-06 2.585655806104301596e-09
5.888000000000000000e+03 1.980236145447817261e-06 2.543013423835572212e-09
5.990000000000000000e+03 1.974261723234762012e-06 2.525010668262559687e-09
6.092000000000000000e+03 1.979544079705913211e-06 2.510831009516674082e-09
