6.100000000000000000e+01 4.091821559507653427e-06 5.132644546258183041e-08
1.630000000000000000e+02 3.289277430324928269e-06 2.545646615615885793e-08
2.660000000000000000e+02 2.878886568360824240e-06 1.737857656324537794e-08
3.680000000000000000e+02 2.614609325633075996e-06 1.347545514701449198e-08
4.700000000000000000e+02 2.501542521218854763e-06 1.140790925067815774e-08
5.720000000000000000e+02 2.394319564245144380e-06 9.900826110450462154e-09
6.740000000000000000e+02 2.332837086609382595e-06 8.841740430505334733e-09
7.770000000000000000e+02 2.291958840750450880e-06 8.134483304844400250e-09
8.790000000000000000e+02 2.271558791023101661e-06 7.580313257822028796e-09
9.810000000000000000e+02 2.242340062429576531e-06 7.086165188858827853e-09
1.083000000000000000e+03 2.232930661864520352e-06 6.714017015611618154e-09
1.186000000000000000e+03 2.201376520149432029e-06 6.293482334413427022e-09
1.288000000000000000e+03 2.203636146699560700e-06 6.077399227082121015e-09
1.390000000000000000e+03 2.196605266228656233e-06 5.828041705624270844e-09
1.492000000000000000e+03 2.199624200243795340e-06 5.637424918934347927e-09
1.594000000000000000e+03 2.164395580134927305e-06 5.364846193592879177e-09
1.696000000000000000e+03 2.164609503408957091e-06 5.176014709557834624e-09
1.799000000000000000e+03 2.168471500663973063e-06 5.061148685655210049e-09
1.901000000000000000e+03 2.165609936100597134e-06 4.916585090076456845e-09
2.003000000000000000e+03 2.165701514634976618e-06 4.787976024835878079e-09
2.106000000000000000e+03 2.156137123634856781e-06 4.627716539333290062e-09
2.208000000000000000e+03 2.143569505363241107e-06 4.516766634626712734e-09
2.310000000000000000e+03 2.146203703458068086e-06 4.419167402652744392e-09
2.412000000000000000e+03 2.145211075248569295e-06 4.323288881331385084e-09
2.514000000000000000e+03 2.159311862519125591e-06 4.262933968348416433e-09
2.616000000000000000e+03 2.140557857619352403e-06 4.122151811845761592e-09
2.719000000000000000e+03 2.147262670393982204e-06 4.077349153302658726e-09
2.821000000000000000e+03 2.140922125390465475e-06 3.988972263298205123e-09
2.923000000000000000e+03 2.148673888222761199e-06 3.933639520462095771e-09
3.025000000000000000e+03 2.143026346210647062e-06 3.857487379008463145e-09
3.128000000000000000e+03 2.140908903961321742e-06 3.771352869871924291e-09
3.230000000000000000e+03 2.134154451883866051e-06 3.717031280614807211e-09
3.332000000000000000e+03 2.137281601765580905e-06 3.665977587037606913e-09
3.434000000000000000e+03 2.130078053412259040e-06 3.597486425287198608e-09
3.536000000000000000e+03 2.134574881304026495e-06 3.535509743086625702e-09
3.639000000000000000e+03 2.131793539450118847e-06 3.499099373773299269e-09
3.741000000000000000e+03 2.128853349860666929e-06 3.445432028272406312e-09
3.843000000000000000e+03 2.129767810258038677e-06 3.401656026129382769e-09
3.945000000000000000e+03 2.127449693933731752e-06 3.353298284132582119e-09
4.048000000000000000e+03 2.126256620201764999e-06 3.292069687950536215e-09
4.150000000000000000e+03 2.123016534357149631e-06 3.262557445692228209e-09
4.252000000000000000e+03 2.122036101113542391e-06 3.221243280357020732e-09
4.354000000000000000e+03 2.116304919478465745e-06 3.175472645519672592e-09
4.456000000000000000e+03 2.106555782281994404e-06 3.108439384450225284e-09
4.559000000000000000e+03 2.097967932012640909e-06 3.076568163413499277e-09
4.661000000000000000e+03 2.085657470589040142e-06 3.024602592660402106e-09
4.763000000000000000e+03 2.083988048568660362e-06 2.988950104375246670e-09
4.865000000000000000e+03 2.075022529469794460e-06 2.945544323714611660e-09
4.968000000000000000e+03 2.065000311142698891e-06 2.886251839652414532e-09
5.070000000000000000e+03 2.050745645113711627e-06 2.851856435143735095e-09
5.172000000000000000e+03 2.043536587350090841e-06 2.813068598686278011e-09
5.274000000000000000e+03 2.035289460415792072e-06 2.774287020733995721e-09
5.376000000000000000e+03 2.030527516412658518e-06 2.741802785128828915e-09
5.478000000000000000e+03 2.017080451822966255e-06 2.684934561449622647e-09
5.581000000000000000e+03 2.010037472992817700e-06 2.663267780247002833e-09
5.683000000000000000e+03 1.996681797189904592e-06 2.622882041051037124e-09
5.785000000000000000e+03 1.989928055594698461e-06 2.589776697222332784e-09
5.888000000000000000e+03 1.987162849384369601e-06 2.551651355737384688e-09
5.990000000000000000e+03 1.976393598600621858e-06 2.528146895776261984e-09
6.092000000000000000e+03 1.980238405275841349e-06 2.510884829095396241e-09
