6.100000000000000000e+01 4.133199954231514563e-06 5.198551086562941904e-08
1.630000000000000000e+02 3.324287040075633776e-06 2.568856578122168637e-08
2.660000000000000000e+02 2.872735497451624366e-06 1.736402626802908812e-08
3.680000000000000000e+02 2.616528626659164146e-06 1.347540985177639751e-08
4.700000000000000000e+02 2.481270756358047258e-06 1.132970594976251407e-08
5.720000000000000000e+02 2.370050394498137347e-06 9.804984010927979667e-09
6.740000000000000000e+02 2.329933770372814587e-06 8.825979553525931826e-09
7.770000000000000000e+02 2.296764747017324254e-06 8.149057778166580247e-09
8.790000000000000000e+02 2.267335145921475063e-06 7.566143765921236646e-09
9.810000000000000000e+02 2.241993959065903493e-06 7.088376158055209186e-09
1.083000000000000000e+03 2.226713251579465509e-06 6.691062262523867830e-09
1.186000000000000000e+03 2.216762597823985025e-06 6.339052601176813258e-09
1.288000000000000000e+03 2.199531753685403559e-06 6.067382959948859706e-09
1.390000000000000000e+03 2.200010481397782675e-06 5.838568933931800819e-09
1.492000000000000000e+03 2.189068459684650348e-06 5.607880961342168798e-09
1.594000000000000000e+03 2.187005967461236256e-06 5.418819223705500670e-09
1.696000000000000000e+03 2.181724299349343448e-06 5.218482463424196609e-09
1.799000000000000000e+03 2.180629107899319182e-06 5.088131643407474323e-09
1.901000000000000000e+03 2.166539755216941054e-06 4.919482444494586119e-09
2.003000000000000000e+03 2.164296434846068341e-06 4.786078615136167797e-09
2.106000000000000000e+03 2.157393112929166222e-06 4.632212733066911123e-09
2.208000000000000000e+03 2.162798476391713611e-06 4.554805481108948560e-09
2.310000000000000000e+03 2.149208567479086443e-06 4.426986873151512791e-09
2.412000000000000000e+03 2.154864228991198959e-06 4.342607678518636739e-09
2.514000000000000000e+03 2.144364912015192327e-06 4.235343246422739753e-09
2.616000000000000000e+03 2.148000471585525215e-06 4.134972120285451938e-09
2.719000000000000000e+03 2.152128160417916088e-06 4.085290129095317551e-09
2.821000000000000000e+03 2.145282447289997386e-06 3.998700562490512888e-09
2.923000000000000000e+03 2.149638530350479720e-06 3.935987654639905706e-09
3.025000000000000000e+03 2.142689875329135035e-06 3.856190138787700949e-09
3.128000000000000000e+03 2.136726764750837861e-06 3.764002458632961230e-09
3.230000000000000000e+03 2.140272076639059254e-06 3.726621517738176202e-09
3.332000000000000000e+03 2.136965133582187851e-06 3.665834805844156993e-09
3.434000000000000000e+03 2.144970289919009478e-06 3.623560467397046733e-09
3.536000000000000000e+03 2.137764363885211367e-06 3.540904472119198164e-09
3.639000000000000000e+03 2.137542231483230875e-06 3.507558313158790538e-09
3.741000000000000000e+03 2.131577154506673913e-06 3.449883400567475193e-09
3.843000000000000000e+03 2.134681666753610569e-06 3.407731056539459658e-09
3.945000000000000000e+03 2.133872307739415333e-06 3.364595650636094448e-09
4.048000000000000000e+03 2.129010372501967186e-06 3.296203723998322949e-09
4.150000000000000000e+03 2.132849439716265904e-06 3.277533295526673184e-09
4.252000000000000000e+03 2.137102940888902543e-06 3.244754743631340270e-09
4.354000000000000000e+03 2.127093780282373916e-06 3.191519662701661518e-09
4.456000000000000000e+03 2.114700740059005150e-06 3.120683081824846552e-09
4.559000000000000000e+03 2.106367604309503376e-06 3.088800040267047916e-09
4.661000000000000000e+03 2.101138879636545038e-06 3.046565733664036186e-09
4.763000000000000000e+03 2.088845682560176478e-06 2.996602299856789891e-09
4.865000000000000000e+03 2.078069793319870203e-06 2.949596618898469290e-09
4.968000000000000000e+03 2.073860815463226233e-06 2.898320006616537872e-09
5.070000000000000000e+03 2.055849420972924903e-06 2.859254965902447965e-09
5.172000000000000000e+03 2.042805421058159214e-06 2.811972503911073026e-09
5.274000000000000000e+03 2.039079728556669879e-06 2.779786416562421990e-09
5.376000000000000000e+03 2.025829953113064781e-06 2.735185467195173051e-09
5.478000000000000000e+03 2.018357436778869022e-06 2.686442142355398138e-09
5.581000000000000000e+03 2.013030282361688559e-06 2.667685375683956866e-09
5.683000000000000000e+03 2.001134361982648233e-06 2.627942393341458973e-09
5.785000000000000000e+03 1.997246367944912975e-06 2.600361412145269942e-09
5.888000000000000000e+03 1.988051027980453326e-06 2.552006040110572437e-09
5.990000000000000000e+03 1.984371032147820337e-06 2.539267524557211560e-09
6.092000000000000000e+03 1.985390841418099909e-06 2.517164157372560815e-09
