6.100000000000000000e+01 2.110693581464774048e-06 2.638010236199646213e-08
1.630000000000000000e+02 2.113403908231485793e-06 1.633211755202917382e-08
2.660000000000000000e+02 2.102501406897914221e-06 1.266453087310836054e-08
3.680000000000000000e+02 2.104820501377950218e-06 1.085545091068661605e-08
4.700000000000000000e+02 2.114935833747693065e-06 9.644612426932822272e-09
5.720000000000000000e+02 2.116011657962991740e-06 8.749082512289453085e-09
6.740000000000000000e+02 2.120912880528805656e-06 8.035060649898487530e-09
7.770000000000000000e+02 2.119985245758241636e-06 7.523829611923436648e-09
8.790000000000000000e+02 2.131122357889230767e-06 7.114071900157686895e-09
9.810000000000000000e+02 2.109395037823771489e-06 6.660899487261623987e-09
1.083000000000000000e+03 2.127473473368465873e-06 6.397380929740891768e-09
1.186000000000000000e+03 2.125694515735972467e-06 6.080649939475809265e-09
1.288000000000000000e+03 2.110541436052371960e-06 5.819719742838424280e-09
1.390000000000000000e+03 2.121488575318455687e-06 5.629648648446317695e-09
1.492000000000000000e+03 2.114882231106823867e-06 5.419531271212542419e-09
1.594000000000000000e+03 2.122926595375956899e-06 5.263634754291073268e-09
1.696000000000000000e+03 2.116562600360246133e-06 5.060164027000738215e-09
1.799000000000000000e+03 2.125806127509367003e-06 4.960287544485172882e-09
1.901000000000000000e+03 2.119308249215113696e-06 4.811964985693845068e-09
2.003000000000000000e+03 2.125486814242831687e-06 4.698808094023632114e-09
2.106000000000000000e+03 2.116018393601988710e-06 4.544023723596209710e-09
2.208000000000000000e+03 2.120869257853396352e-06 4.466890489900005837e-09
2.310000000000000000e+03 2.128721014476507111e-06 4.385278797220397286e-09
2.412000000000000000e+03 2.116451640085357941e-06 4.264613450259788979e-09
2.514000000000000000e+03 2.117474201788589752e-06 4.180389659760632140e-09
2.616000000000000000e+03 2.125252845044204690e-06 4.093117121250309571e-09
2.719000000000000000e+03 2.122606659012375922e-06 4.028078430894102261e-09
2.821000000000000000e+03 2.123288196907411597e-06 3.957374303571787061e-09
2.923000000000000000e+03 2.119752848143836856e-06 3.881439755489070985e-09
3.025000000000000000e+03 2.121651233026473984e-06 3.818358905617003136e-09
3.128000000000000000e+03 2.123467422375292202e-06 3.740610611936540654e-09
3.230000000000000000e+03 2.124428601523832947e-06 3.701037851032619198e-09
3.332000000000000000e+03 2.121749971624104097e-06 3.637739780148836825e-09
3.434000000000000000e+03 2.118488532268813987e-06 3.579037643390305114e-09
3.536000000000000000e+03 2.125501217378214917e-06 3.520460973492692009e-09
3.639000000000000000e+03 2.119150886250876235e-06 3.478794798081561797e-09
3.741000000000000000e+03 2.125960257717200788e-06 3.441561444061948626e-09
3.843000000000000000e+03 2.115903919868572005e-06 3.378502198895687976e-09
3.945000000000000000e+03 2.122902173646757280e-06 3.345968827639840440e-09
4.048000000000000000e+03 2.117738371415474772e-06 3.278909258077782197e-09
4.150000000000000000e+03 2.116443043406832616e-06 3.253077660645664531e-09
4.252000000000000000e+03 2.112539140052596716e-06 3.206620259055677126e-09
4.354000000000000000e+03 2.109614191277665882e-06 3.164124529447713989e-09
4.456000000000000000e+03 2.098198500536630252e-06 3.097265207100092088e-09
4.559000000000000000e+03 2.092867941895685217e-06 3.068504508517679865e-09
4.661000000000000000e+03 2.088475333661618053e-06 3.028584412604432648e-09
4.763000000000000000e+03 2.078885052295879726e-06 2.982006807504489336e-09
4.865000000000000000e+03 2.063627621074589890e-06 2.929316847380001158e-09
4.968000000000000000e+03 2.053285601004805286e-06 2.869696057926207696e-09
5.070000000000000000e+03 2.049743686054529771e-06 2.850106834319400195e-09
5.172000000000000000e+03 2.032949125562878227e-06 2.798980814245364572e-09
5.274000000000000000e+03 2.026797849547381010e-06 2.762202548474514570e-09
5.376000000000000000e+03 2.019819789515034803e-06 2.727487086072695882e-09
5.478000000000000000e+03 2.012215315523413581e-06 2.678541869188291380e-09
5.581000000000000000e+03 2.006113732554163253e-06 2.658411386605793720e-09
5.683000000000000000e+03 1.995251643784459030e-06 2.620421944133086402e-09
5.785000000000000000e+03 1.986492508554698889e-06 2.585743388091343821e-09
5.888000000000000000e+03 1.983087679130051324e-06 2.546041795256826616e-09
5.990000000000000000e+03 1.976472385729243843e-06 2.528602712775882075e-09
6.092000000000000000e+03 1.977608292199219538e-06 2.507759238748713091e-09
