6.100000000000000000e+01 2.147050502451187313e-06 2.682897432715167253e-08
1.630000000000000000e+02 2.121717804941190980e-06 1.640695618294772647e-08
2.660000000000000000e+02 2.103062045772647460e-06 1.268699895486734931e-08
3.680000000000000000e+02 2.109556246127903232e-06 1.087104287128168109e-08
4.700000000000000000e+02 2.133071764546789012e-06 9.720455720796116377e-09
5.720000000000000000e+02 2.127226130002026382e-06 8.797910336710207718e-09
6.740000000000000000e+02 2.118171745550976084e-06 8.023435350681354380e-09
7.770000000000000000e+02 2.120177528628106115e-06 7.522937075612198000e-09
8.790000000000000000e+02 2.124159162356157675e-06 7.086656336253017245e-09
9.810000000000000000e+02 2.119453766519718233e-06 6.697884298213946824e-09
1.083000000000000000e+03 2.117173806331545094e-06 6.366497044102763245e-09
1.186000000000000000e+03 2.121352945865923068e-06 6.067411475651981168e-09
1.288000000000000000e+03 2.123388719666014511e-06 5.855841152139455784e-09
1.390000000000000000e+03 2.118277535500868414e-06 5.619804280164388923e-09
1.492000000000000000e+03 2.121357435679328045e-06 5.433318723694042303e-09
1.594000000000000000e+03 2.120872678093029296e-06 5.259440026151285894e-09
1.696000000000000000e+03 2.113834240103336429e-06 5.052565178325893654e-09
1.799000000000000000e+03 2.115844648741612813e-06 4.937994505444606202e-09
1.901000000000000000e+03 2.123387938967955736e-06 4.820984103078531007e-09
2.003000000000000000e+03 2.119576751704909764e-06 4.687828142642689359e-09
2.106000000000000000e+03 2.121472101368252499e-06 4.553041956985982429e-09
2.208000000000000000e+03 2.121707708114600972e-06 4.469415816609066602e-09
2.310000000000000000e+03 2.119216114224419876e-06 4.363776341469418769e-09
2.412000000000000000e+03 2.118097013537647134e-06 4.270261370308028617e-09
2.514000000000000000e+03 2.117242947684409260e-06 4.178606818547842049e-09
2.616000000000000000e+03 2.120062727183869927e-06 4.083234760862532119e-09
2.719000000000000000e+03 2.119992131308036628e-06 4.024835552569996560e-09
2.821000000000000000e+03 2.120412685919588749e-06 3.951485935251054027e-09
2.923000000000000000e+03 2.118582409371200290e-06 3.879212291138375423e-09
3.025000000000000000e+03 2.120547574059334930e-06 3.816310821957717680e-09
3.128000000000000000e+03 2.117324521800370271e-06 3.730878786326656368e-09
3.230000000000000000e+03 2.117618077534576143e-06 3.688967768974135695e-09
3.332000000000000000e+03 2.120370579758100586e-06 3.635121097074546821e-09
3.434000000000000000e+03 2.117197251454163515e-06 3.576915576678725340e-09
3.536000000000000000e+03 2.119517528017683767e-06 3.510418601884977040e-09
3.639000000000000000e+03 2.124113059844743165e-06 3.486299944818007764e-09
3.741000000000000000e+03 2.125824738118096505e-06 3.440536663090361039e-09
3.843000000000000000e+03 2.122506003035917451e-06 3.389999391532181737e-09
3.945000000000000000e+03 2.122292824813136602e-06 3.344335254212619710e-09
4.048000000000000000e+03 2.116676900081363923e-06 3.277601512727529469e-09
4.150000000000000000e+03 2.115218973936453571e-06 3.250374428133820052e-09
4.252000000000000000e+03 2.111830197754881697e-06 3.206619521634607499e-09
4.354000000000000000e+03 2.106529274580741635e-06 3.160685015900862547e-09
4.456000000000000000e+03 2.101109405957505748e-06 3.100761841776173372e-09
4.559000000000000000e+03 2.097210694494913781e-06 3.074718409139536594e-09
4.661000000000000000e+03 2.090414162181543141e-06 3.031594068234263049e-09
4.763000000000000000e+03 2.075243714080853972e-06 2.976855290521455386e-09
4.865000000000000000e+03 2.069827309380527360e-06 2.937987950650951719e-09
4.968000000000000000e+03 2.056706520397021363e-06 2.875069610156363397e-09
5.070000000000000000e+03 2.051954193031382747e-06 2.852864435353082476e-09
5.172000000000000000e+03 2.034506879326496717e-06 2.800586950690876968e-09
5.274000000000000000e+03 2.033146071461045121e-06 2.771597186162032419e-09
5.376000000000000000e+03 2.021736531457209445e-06 2.729573417712822083e-09
5.478000000000000000e+03 2.017824248375302356e-06 2.685956537934243796e-09
5.581000000000000000e+03 2.002256855106536585e-06 2.653939601756657737e-09
5.683000000000000000e+03 1.996026156867792500e-06 2.621494502284359350e-09
5.785000000000000000e+03 1.990951556783935031e-06 2.591597494732360059e-09
5.888000000000000000e+03 1.979642254868359789e-06 2.541726033916672041e-09
5.990000000000000000e+03 1.975490668623195178e-06 2.526691339500959312e-09
6.092000000000000000e+03 1.982439102881259888e-06 2.513898305877000431e-09
