6.100000000000000000e+01 2.125525479016617529e-06 2.654626460860769100e-08
1.630000000000000000e+02 2.120984462872052465e-06 1.636254110939738715e-08
2.660000000000000000e+02 2.150934371085851320e-06 1.299286062848459256e-08
3.680000000000000000e+02 2.128359511609735828e-06 1.096089929994747305e-08
4.700000000000000000e+02 2.123652804073644427e-06 9.686889904491559918e-09
5.720000000000000000e+02 2.127819860927895609e-06 8.797555829675572113e-09
6.740000000000000000e+02 2.128757573146436322e-06 8.068914447833730791e-09
7.770000000000000000e+02 2.141208632299399367e-06 7.604022214981875659e-09
8.790000000000000000e+02 2.147891762089324055e-06 7.160580868975696920e-09
9.810000000000000000e+02 2.130504720745054358e-06 6.731989274559948817e-09
1.083000000000000000e+03 2.149180672790395965e-06 6.458792053787738626e-09
1.186000000000000000e+03 2.127261014504618797e-06 6.086360617745970397e-09
1.288000000000000000e+03 2.147392902508907829e-06 5.919407957933480261e-09
1.390000000000000000e+03 2.134052551711414890e-06 5.666250197162931399e-09
1.492000000000000000e+03 2.152623527003630222e-06 5.514045485653851168e-09
1.594000000000000000e+03 2.137555990519523314e-06 5.298764707687196497e-09
1.696000000000000000e+03 2.139470650987319876e-06 5.114944665229309477e-09
1.799000000000000000e+03 2.130915278883153763e-06 4.973149859497556157e-09
1.901000000000000000e+03 2.136649594946717841e-06 4.849941947836869041e-09
2.003000000000000000e+03 2.140675990279517525e-06 4.734918253762830837e-09
2.106000000000000000e+03 2.138796361764654330e-06 4.589209830516436137e-09
2.208000000000000000e+03 2.140711746045583651e-06 4.509853875269151841e-09
2.310000000000000000e+03 2.131749233871187823e-06 4.389164156356917593e-09
2.412000000000000000e+03 2.130065711966416703e-06 4.295047068179479228e-09
2.514000000000000000e+03 2.140110269740034833e-06 4.225429426916564844e-09
2.616000000000000000e+03 2.139903096623018830e-06 4.119917174386400219e-09
2.719000000000000000e+03 2.134597399745230868e-06 4.052325691007548417e-09
2.821000000000000000e+03 2.137118151675647402e-06 3.982562108888710183e-09
2.923000000000000000e+03 2.136773186149358966e-06 3.913515693026024353e-09
3.025000000000000000e+03 2.140523920084588983e-06 3.851844365289371057e-09
3.128000000000000000e+03 2.139814027057037919e-06 3.767909565704545395e-09
3.230000000000000000e+03 2.135204193234810846e-06 3.720159870899956525e-09
3.332000000000000000e+03 2.132674475810899983e-06 3.657470765383726793e-09
3.434000000000000000e+03 2.140727202509698152e-06 3.615888969814486315e-09
3.536000000000000000e+03 2.131082136748624039e-06 3.530004390807910121e-09
3.639000000000000000e+03 2.136114210187035310e-06 3.506521067997081010e-09
3.741000000000000000e+03 2.133742541865724053e-06 3.452900228809708945e-09
3.843000000000000000e+03 2.138628697571244067e-06 3.415601262036647606e-09
3.945000000000000000e+03 2.137027899624393428e-06 3.367437686307907825e-09
4.048000000000000000e+03 2.139492340777490451e-06 3.313419799336847916e-09
4.150000000000000000e+03 2.135079687451592023e-06 3.281261603537961074e-09
4.252000000000000000e+03 2.126280055250838265e-06 3.228391398973817399e-09
4.354000000000000000e+03 2.130798876211361132e-06 3.197327157970452319e-09
4.456000000000000000e+03 2.117130071720721646e-06 3.124214276719874371e-09
4.559000000000000000e+03 2.114259210564543939e-06 3.099948016568832590e-09
4.661000000000000000e+03 2.104296802449157388e-06 3.051227518146409154e-09
4.763000000000000000e+03 2.092122749038828508e-06 3.001340837388745817e-09
4.865000000000000000e+03 2.084249139388013451e-06 2.958587148656510762e-09
4.968000000000000000e+03 2.073888173570872612e-06 2.898607305072378377e-09
5.070000000000000000e+03 2.061212142535072043e-06 2.865791767818572639e-09
5.172000000000000000e+03 2.053921772786533335e-06 2.827315184671708630e-09
5.274000000000000000e+03 2.045729159466294769e-06 2.788957036186850716e-09
5.376000000000000000e+03 2.035582719898056661e-06 2.748852621088167430e-09
5.478000000000000000e+03 2.028775868087667571e-06 2.700341222205333265e-09
5.581000000000000000e+03 2.016956013708514598e-06 2.673068919741507610e-09
5.683000000000000000e+03 2.013910014435420685e-06 2.644853729107443883e-09
5.785000000000000000e+03 1.999263156963163107e-06 2.602556747814062274e-09
5.888000000000000000e+03 1.993254336165321340e-06 2.559420245426883092e-09
5.990000000000000000e+03 1.985845067687138336e-06 2.540361864185561731e-09
6.092000000000000000e+03 1.992505982564332606e-06 2.526368603550801615e-09
