6.100000000000000000e+01 2.101679125408561802e-06 2.631760008318319751e-08
1.630000000000000000e+02 2.110168405964806301e-06 1.629403250009097229e-08
2.660000000000000000e+02 2.112982853797388649e-06 1.273437557828027432e-08
3.680000000000000000e+02 2.124289128365795081e-06 1.094503503966669947e-08
4.700000000000000000e+02 2.124644186318526253e-06 9.694569360184872381e-09
5.720000000000000000e+02 2.112229572478669321e-06 8.730511989557846164e-09
6.740000000000000000e+02 2.112844420133774565e-06 8.006190827817227336e-09
7.770000000000000000e+02 2.112475252845793006e-06 7.495809223298726622e-09
8.790000000000000000e+02 2.117293666749256268e-06 7.065581210249025753e-09
9.810000000000000000e+02 2.115848499383717776e-06 6.686875476004504330e-09
1.083000000000000000e+03 2.106896222352877479e-06 6.334020345723288173e-09
1.186000000000000000e+03 2.117888898383451227e-06 6.059496860927388668e-09
1.288000000000000000e+03 2.111958370702286276e-06 5.822025479200276129e-09
1.390000000000000000e+03 2.119727985422113349e-06 5.627602119239248007e-09
1.492000000000000000e+03 2.129767643579672892e-06 5.457153028384952161e-09
1.594000000000000000e+03 2.117120180266246132e-06 5.247832038271981290e-09
1.696000000000000000e+03 2.120885390444206141e-06 5.072034653161606045e-09
1.799000000000000000e+03 2.122560270933560217e-06 4.954721168547434106e-09
1.901000000000000000e+03 2.124251406946323682e-06 4.820054577370555631e-09
2.003000000000000000e+03 2.114351845426608726e-06 4.676540609437936659e-09
2.106000000000000000e+03 2.110103258250625285e-06 4.528887864742202507e-09
2.208000000000000000e+03 2.121722521791475430e-06 4.468637153127080525e-09
2.310000000000000000e+03 2.114966925600374684e-06 4.356233022805640891e-09
2.412000000000000000e+03 2.113883313073219779e-06 4.259573982138499235e-09
2.514000000000000000e+03 2.117261883614154734e-06 4.180445029728647496e-09
2.616000000000000000e+03 2.118305049937954424e-06 4.078733996967238310e-09
2.719000000000000000e+03 2.124752791991852636e-06 4.033820651300312035e-09
2.821000000000000000e+03 2.115618980469614488e-06 3.942813809786403943e-09
2.923000000000000000e+03 2.119585133215008478e-06 3.881058135979807741e-09
3.025000000000000000e+03 2.119027836828228103e-06 3.814068320962565475e-09
3.128000000000000000e+03 2.115870883469558095e-06 3.727497893801047230e-09
3.230000000000000000e+03 2.111007277220273271e-06 3.676810565869539061e-09
3.332000000000000000e+03 2.119367743750356389e-06 3.634936130947615824e-09
3.434000000000000000e+03 2.124090094864006198e-06 3.587784859218933807e-09
3.536000000000000000e+03 2.117701250420102665e-06 3.508231646708235270e-09
3.639000000000000000e+03 2.121517929001218522e-06 3.480842895229309272e-09
3.741000000000000000e+03 2.115107557749057570e-06 3.423613794697118284e-09
3.843000000000000000e+03 2.114010386862209434e-06 3.376277014667112627e-09
3.945000000000000000e+03 2.115014229294606449e-06 3.333039917726645001e-09
4.048000000000000000e+03 2.117579867116127986e-06 3.278790796158106140e-09
4.150000000000000000e+03 2.116722026291737267e-06 3.252803599413200231e-09
4.252000000000000000e+03 2.110461372139236560e-06 3.204132489971012599e-09
4.354000000000000000e+03 2.109152772149025978e-06 3.165004059606440308e-09
4.456000000000000000e+03 2.098828954018023510e-06 3.097208222015953955e-09
4.559000000000000000e+03 2.089734311838802467e-06 3.064357310296264833e-09
4.661000000000000000e+03 2.080891234748212178e-06 3.018265066281512045e-09
4.763000000000000000e+03 2.073568283454186872e-06 2.973828152545555781e-09
4.865000000000000000e+03 2.068914805200287321e-06 2.936692946752538369e-09
4.968000000000000000e+03 2.056720822919040992e-06 2.875443256338441792e-09
5.070000000000000000e+03 2.051324241912332312e-06 2.852074571632018606e-09
5.172000000000000000e+03 2.035129094346762248e-06 2.801433392688763731e-09
5.274000000000000000e+03 2.029412699206081007e-06 2.766416554453559219e-09
5.376000000000000000e+03 2.021115600642735650e-06 2.728906256808832039e-09
5.478000000000000000e+03 2.013378302701093751e-06 2.680272838612300013e-09
5.581000000000000000e+03 2.004472930073971694e-06 2.656447102999886471e-09
5.683000000000000000e+03 1.994105976428271050e-06 2.618765438406698765e-09
5.785000000000000000e+03 1.986532689088660899e-06 2.585802804719738686e-09
5.888000000000000000e+03 1.976878089886182500e-06 2.538328935708514702e-09
5.990000000000000000e+03 1.975071330746652261e-06 2.526565761335606789e-09
6.092000000000000000e+03 1.974283362713504861e-06 2.503645372017811550e-09
