6.100000000000000000e+01 4.074083274174923085e-06 5.126271003436447149e-08
1.630000000000000000e+02 3.296988946939825274e-06 2.560161021289894996e-08
2.660000000000000000e+02 2.880894538050276178e-06 1.738580924513211212e-08
3.680000000000000000e+02 2.610858487234528744e-06 1.345085214678057252e-08
4.700000000000000000e+02 2.493407897586217400e-06 1.136165824889374570e-08
5.720000000000000000e+02 2.387874476196193362e-06 9.875952970522280802e-09
6.740000000000000000e+02 2.342678923811598087e-06 8.883144323113380653e-09
7.770000000000000000e+02 2.289493944140684876e-06 8.127029471189259614e-09
8.790000000000000000e+02 2.273542778186693983e-06 7.586394382524056823e-09
9.810000000000000000e+02 2.245206137388475821e-06 7.088976916128687602e-09
1.083000000000000000e+03 2.226202327372774581e-06 6.698091297761407703e-09
1.186000000000000000e+03 2.218088507935641820e-06 6.344453702844246771e-09
1.288000000000000000e+03 2.210067256342956482e-06 6.094998968538341569e-09
1.390000000000000000e+03 2.183637616800758497e-06 5.794333355850849498e-09
1.492000000000000000e+03 2.182050697200131461e-06 5.592005330921283251e-09
1.594000000000000000e+03 2.186316230522947066e-06 5.418711221976134330e-09
1.696000000000000000e+03 2.164370794079689408e-06 5.172972252540276281e-09
1.799000000000000000e+03 2.170594953312412251e-06 5.068050394393344799e-09
1.901000000000000000e+03 2.172848513768686513e-06 4.931715990031491313e-09
2.003000000000000000e+03 2.160676890502939091e-06 4.778915005599861718e-09
2.106000000000000000e+03 2.161430161190415337e-06 4.640233440678240780e-09
2.208000000000000000e+03 2.154223212817372799e-06 4.536947490231002923e-09
2.310000000000000000e+03 2.153543505063245788e-06 4.436231253319366691e-09
2.412000000000000000e+03 2.147704186890268830e-06 4.326396798524463730e-09
2.514000000000000000e+03 2.146173313055408615e-06 4.237409085285534588e-09
2.616000000000000000e+03 2.149496874534257363e-06 4.139298694974748702e-09
2.719000000000000000e+03 2.144105879756707663e-06 4.070908184059089123e-09
2.821000000000000000e+03 2.142204130655521714e-06 3.992757131911607373e-09
2.923000000000000000e+03 2.142654622887279900e-06 3.921564440722118521e-09
3.025000000000000000e+03 2.138688304561045703e-06 3.848811207898755568e-09
3.128000000000000000e+03 2.137963337671418450e-06 3.766881780553825329e-09
3.230000000000000000e+03 2.138029710471789406e-06 3.723101317313916438e-09
3.332000000000000000e+03 2.141265896209098234e-06 3.672497731475250882e-09
3.434000000000000000e+03 2.140318268357369826e-06 3.616193116170220292e-09
3.536000000000000000e+03 2.136612623439436198e-06 3.539258942225512761e-09
3.639000000000000000e+03 2.136292594188500208e-06 3.505715165767909024e-09
3.741000000000000000e+03 2.129300416253194998e-06 3.446343569311388986e-09
3.843000000000000000e+03 2.129521633038417730e-06 3.400427571150747760e-09
3.945000000000000000e+03 2.130912257795106541e-06 3.359429747026660175e-09
4.048000000000000000e+03 2.131185730617477843e-06 3.299802648819984397e-09
4.150000000000000000e+03 2.128789119926337545e-06 3.271313870081642334e-09
4.252000000000000000e+03 2.121405750791881815e-06 3.220268202314618373e-09
4.354000000000000000e+03 2.119264873361739960e-06 3.180333326446261756e-09
4.456000000000000000e+03 2.107905555150880817e-06 3.110623113033022073e-09
4.559000000000000000e+03 2.105443937674153761e-06 3.087269548235586211e-09
4.661000000000000000e+03 2.094556529608296703e-06 3.037271656014203903e-09
4.763000000000000000e+03 2.081742591042836078e-06 2.985610350413468400e-09
4.865000000000000000e+03 2.077522333004846752e-06 2.949200125913638098e-09
4.968000000000000000e+03 2.063610622142599923e-06 2.884732349678996588e-09
5.070000000000000000e+03 2.055973166119278918e-06 2.859086670370646968e-09
5.172000000000000000e+03 2.045485155809109782e-06 2.815884589426560737e-09
5.274000000000000000e+03 2.035468781285191308e-06 2.774295643950118959e-09
5.376000000000000000e+03 2.029554805168470484e-06 2.740082614168498691e-09
5.478000000000000000e+03 2.017718058351732378e-06 2.686174270934043079e-09
5.581000000000000000e+03 2.008037582097738540e-06 2.660694865322802996e-09
5.683000000000000000e+03 1.996249379899079438e-06 2.621851661012854485e-09
5.785000000000000000e+03 1.992754931782328835e-06 2.594107534315984633e-09
5.888000000000000000e+03 1.986257092340531530e-06 2.550103497588691579e-09
5.990000000000000000e+03 1.976787574199338930e-06 2.529090643760295606e-09
6.092000000000000000e+03 1.986799005619245744e-06 2.518990330581853552e-09
