6.100000000000000000e+01 2.106323714743700331e-06 2.638335873154164308e-08
1.630000000000000000e+02 2.143489087322822264e-06 1.651804900761578091e-08
2.660000000000000000e+02 2.124426421446728948e-06 1.281537749200032191e-08
3.680000000000000000e+02 2.115178566630915513e-06 1.089112216834636118e-08
4.700000000000000000e+02 2.097293192210218854e-06 9.559140349884901793e-09
5.720000000000000000e+02 2.100447052080425611e-06 8.682661109796874284e-09
6.740000000000000000e+02 2.119210364706377494e-06 8.033352404611637500e-09
7.770000000000000000e+02 2.119688036927793747e-06 7.523429489553445249e-09
8.790000000000000000e+02 2.123312667505985255e-06 7.085976692764883362e-09
9.810000000000000000e+02 2.119135589930842194e-06 6.692249417693004258e-09
1.083000000000000000e+03 2.121137318589446799e-06 6.378677186052191433e-09
1.186000000000000000e+03 2.124538436685885599e-06 6.073107122110787826e-09
1.288000000000000000e+03 2.111972548312933579e-06 5.822569486586717462e-09
1.390000000000000000e+03 2.122297212874255359e-06 5.633423895859322631e-09
1.492000000000000000e+03 2.110964891901305741e-06 5.408051288486984411e-09
1.594000000000000000e+03 2.113100673115791887e-06 5.240617309370679185e-09
1.696000000000000000e+03 2.115151102563520390e-06 5.056866638480721563e-09
1.799000000000000000e+03 2.120300018670951010e-06 4.948600721495423387e-09
1.901000000000000000e+03 2.116543757041465858e-06 4.803136972606410093e-09
2.003000000000000000e+03 2.118478141147421354e-06 4.687038954723624044e-09
2.106000000000000000e+03 2.116553819232507229e-06 4.541794345736711981e-09
2.208000000000000000e+03 2.117161603215580028e-06 4.461231311496375677e-09
2.310000000000000000e+03 2.120293405502047392e-06 4.366530421056049934e-09
2.412000000000000000e+03 2.120911420090442175e-06 4.274687521385260725e-09
2.514000000000000000e+03 2.121013008763460724e-06 4.187079848506318954e-09
2.616000000000000000e+03 2.117029890209516164e-06 4.077361897626465882e-09
2.719000000000000000e+03 2.124052609854822321e-06 4.031787754865238443e-09
2.821000000000000000e+03 2.125648640875924257e-06 3.961188369350302594e-09
2.923000000000000000e+03 2.111221336971327942e-06 3.866575786248177330e-09
3.025000000000000000e+03 2.115599310513244318e-06 3.807670983765207620e-09
3.128000000000000000e+03 2.120669061187260117e-06 3.735054494324081053e-09
3.230000000000000000e+03 2.118062249515085242e-06 3.689588011330598495e-09
3.332000000000000000e+03 2.119505923725978584e-06 3.633885491108291451e-09
3.434000000000000000e+03 2.115593058097874375e-06 3.574313516279387721e-09
3.536000000000000000e+03 2.116324256314894525e-06 3.506812375789095711e-09
3.639000000000000000e+03 2.117216350248607608e-06 3.473032582047407948e-09
3.741000000000000000e+03 2.125778718828146788e-06 3.441685149317397776e-09
3.843000000000000000e+03 2.122897036085600599e-06 3.389532022740049719e-09
3.945000000000000000e+03 2.117297273191044676e-06 3.337747194246317686e-09
4.048000000000000000e+03 2.116571108509547071e-06 3.277528176894357123e-09
4.150000000000000000e+03 2.114288657546604404e-06 3.248906001750796494e-09
4.252000000000000000e+03 2.102601689615921364e-06 3.192190139853559376e-09
4.354000000000000000e+03 2.103908236592323474e-06 3.156487651544093707e-09
4.456000000000000000e+03 2.096274673236905031e-06 3.093990075248706748e-09
4.559000000000000000e+03 2.094975844635576990e-06 3.071507329748470683e-09
4.661000000000000000e+03 2.086967840007048061e-06 3.026024834572601971e-09
4.763000000000000000e+03 2.078448331644154965e-06 2.981619361279129694e-09
4.865000000000000000e+03 2.068036024584383870e-06 2.935175792798200486e-09
4.968000000000000000e+03 2.055247899382936435e-06 2.873284216344056089e-09
5.070000000000000000e+03 2.047544860884235035e-06 2.847134414627611344e-09
5.172000000000000000e+03 2.042771099820528899e-06 2.811226053306166465e-09
5.274000000000000000e+03 2.023951869567511881e-06 2.760002346038356085e-09
5.376000000000000000e+03 2.020969080407794558e-06 2.728769473146198618e-09
5.478000000000000000e+03 2.004588749817976323e-06 2.667853397386186909e-09
5.581000000000000000e+03 2.006936510960133329e-06 2.659527917646817212e-09
5.683000000000000000e+03 1.995901900126526746e-06 2.621545050754201759e-09
5.785000000000000000e+03 1.986965751066684101e-06 2.586412415121958341e-09
5.888000000000000000e+03 1.980358922293695956e-06 2.542724661324981794e-09
5.990000000000000000e+03 1.971305254848796341e-06 2.522063787577645834e-09
6.092000000000000000e+03 1.978608379341613897e-06 2.508848247374649025e-09
