6.100000000000000000e+01 2.110268785104290187e-06 2.622395332988811715e-08
1.630000000000000000e+02 2.110932793359055397e-06 1.630067207479029892e-08
2.660000000000000000e+02 2.111321822457935844e-06 1.273005053056694585e-08
3.680000000000000000e+02 2.114462204973926897e-06 1.089422088756350236e-08
4.700000000000000000e+02 2.103147892993024064e-06 9.580726398414738498e-09
5.720000000000000000e+02 2.112148793924330566e-06 8.733069192910991083e-09
6.740000000000000000e+02 2.129012686918469092e-06 8.066456787512774861e-09
7.770000000000000000e+02 2.121802053041903875e-06 7.527860855195879554e-09
8.790000000000000000e+02 2.125181726446637498e-06 7.091223745959143918e-09
9.810000000000000000e+02 2.122782917195528663e-06 6.704728956590593732e-09
1.083000000000000000e+03 2.118838827428901770e-06 6.372623609061732356e-09
1.186000000000000000e+03 2.118891754020843893e-06 6.060407701048019073e-09
1.288000000000000000e+03 2.120454374316800219e-06 5.843900313563152855e-09
1.390000000000000000e+03 2.122952192138261240e-06 5.637111114838300966e-09
1.492000000000000000e+03 2.118102703605472550e-06 5.427280535108036305e-09
1.594000000000000000e+03 2.119324639927462002e-06 5.252829301875575098e-09
1.696000000000000000e+03 2.120886501247076064e-06 5.073151459451952614e-09
1.799000000000000000e+03 2.119165488638859494e-06 4.944602800790352598e-09
1.901000000000000000e+03 2.129397628946141064e-06 4.833722784146180895e-09
2.003000000000000000e+03 2.119485224973279365e-06 4.686473133156144369e-09
2.106000000000000000e+03 2.119276516550854877e-06 4.550177480751200807e-09
2.208000000000000000e+03 2.122938153266138017e-06 4.471968388866643736e-09
2.310000000000000000e+03 2.123283447387166321e-06 4.373314666375391736e-09
2.412000000000000000e+03 2.117336572658463652e-06 4.266968803616890480e-09
2.514000000000000000e+03 2.116043777483770193e-06 4.176398619081467863e-09
2.616000000000000000e+03 2.127464864279396341e-06 4.098037248259516036e-09
2.719000000000000000e+03 2.130340407878570416e-06 4.044080931753003510e-09
2.821000000000000000e+03 2.129013182923212158e-06 3.966340988613231125e-09
2.923000000000000000e+03 2.117641657403666340e-06 3.877874225159401915e-09
3.025000000000000000e+03 2.121022580057097920e-06 3.817621529881872289e-09
3.128000000000000000e+03 2.124509961624337584e-06 3.742675196020502589e-09
3.230000000000000000e+03 2.120101436234193129e-06 3.692783280227938171e-09
3.332000000000000000e+03 2.121043405782573220e-06 3.637496796962549483e-09
3.434000000000000000e+03 2.125386377427182474e-06 3.590157476626556747e-09
3.536000000000000000e+03 2.125339879613179151e-06 3.520848063967462970e-09
3.639000000000000000e+03 2.125791199058903082e-06 3.487726272320449696e-09
3.741000000000000000e+03 2.121719051994831853e-06 3.435074584713256457e-09
3.843000000000000000e+03 2.121896412067500978e-06 3.388298665731108674e-09
3.945000000000000000e+03 2.125922675155811323e-06 3.349411826318658741e-09
4.048000000000000000e+03 2.115224667515395302e-06 3.276143171648580554e-09
4.150000000000000000e+03 2.110484872737126320e-06 3.243139357132593372e-09
4.252000000000000000e+03 2.113452425762696707e-06 3.208423235854149604e-09
4.354000000000000000e+03 2.115335122661958817e-06 3.174022823846870352e-09
4.456000000000000000e+03 2.106332637444706881e-06 3.107882731557836471e-09
4.559000000000000000e+03 2.101557572419673657e-06 3.081335603604960100e-09
4.661000000000000000e+03 2.091368888044938706e-06 3.032795829014686386e-09
4.763000000000000000e+03 2.082454868143748419e-06 2.987363962782838417e-09
4.865000000000000000e+03 2.067951533314064770e-06 2.935624080801624267e-09
4.968000000000000000e+03 2.061247621975733367e-06 2.881118235361453288e-09
5.070000000000000000e+03 2.050548792810271784e-06 2.851143486256527318e-09
5.172000000000000000e+03 2.035884737995044617e-06 2.802609777634273741e-09
5.274000000000000000e+03 2.028048711230582791e-06 2.765025762305435548e-09
5.376000000000000000e+03 2.014986246531338322e-06 2.720425720228699975e-09
5.478000000000000000e+03 2.016634797199927949e-06 2.684206714704511776e-09
5.581000000000000000e+03 2.003721663902549918e-06 2.655476476217242726e-09
5.683000000000000000e+03 1.996617993126501849e-06 2.621880863053598187e-09
5.785000000000000000e+03 1.990782342594287383e-06 2.591683857122176733e-09
5.888000000000000000e+03 1.981539149571499090e-06 2.544475235210516904e-09
5.990000000000000000e+03 1.979289313197040543e-06 2.531396067267025690e-09
6.092000000000000000e+03 1.978320726360487676e-06 2.508871484191589087e-09
