6.100000000000000000e+01 4.105750337328952326e-06 5.137500521656493048e-08
1.630000000000000000e+02 3.319564737980540413e-06 2.568426479979611183e-08
2.660000000000000000e+02 2.880582669558475210e-06 1.741332360584664069e-08
3.680000000000000000e+02 2.596610587240595282e-06 1.338584433922316746e-08
4.700000000000000000e+02 2.479974914933799855e-06 1.130630232784651837e-08
5.720000000000000000e+02 2.413268728572551392e-06 9.984556516747562547e-09
6.740000000000000000e+02 2.346520806707258730e-06 8.894957075493013251e-09
7.770000000000000000e+02 2.313405915508464262e-06 8.202842755523064502e-09
8.790000000000000000e+02 2.268764906494194759e-06 7.576353647159518570e-09
9.810000000000000000e+02 2.253259050177143378e-06 7.114353348290322909e-09
1.083000000000000000e+03 2.241306870216807584e-06 6.737882953742129947e-09
1.186000000000000000e+03 2.230083332207905228e-06 6.377378573168732258e-09
1.288000000000000000e+03 2.215483977006840649e-06 6.111947148605304928e-09
1.390000000000000000e+03 2.208128628406343052e-06 5.860777871377631595e-09
1.492000000000000000e+03 2.199740469471349731e-06 5.634985144203343159e-09
1.594000000000000000e+03 2.187020379103747458e-06 5.421283777768035100e-09
1.696000000000000000e+03 2.180036502542754938e-06 5.213008502215099839e-09
1.799000000000000000e+03 2.179963591682468048e-06 5.086905884006400094e-09
1.901000000000000000e+03 2.173679806284897259e-06 4.935502734123359001e-09
2.003000000000000000e+03 2.167794080624336909e-06 4.794210549723035840e-09
2.106000000000000000e+03 2.167337306412173854e-06 4.651972844046291123e-09
2.208000000000000000e+03 2.162778639415036384e-06 4.556780283793167871e-09
2.310000000000000000e+03 2.159044559354285463e-06 4.445196272533498338e-09
2.412000000000000000e+03 2.152443936066815289e-06 4.338154212262348792e-09
2.514000000000000000e+03 2.154447399667402419e-06 4.253970578372702928e-09
2.616000000000000000e+03 2.145908507925460271e-06 4.132260758849585774e-09
2.719000000000000000e+03 2.153666874874164819e-06 4.088701092807945912e-09
2.821000000000000000e+03 2.152018524468712208e-06 4.010486869964954206e-09
2.923000000000000000e+03 2.152934111594940199e-06 3.942451586981213472e-09
3.025000000000000000e+03 2.143359088088400088e-06 3.858678161622000089e-09
3.128000000000000000e+03 2.155796222833813543e-06 3.795889134180412267e-09
3.230000000000000000e+03 2.139323084097069432e-06 3.727172763409130135e-09
3.332000000000000000e+03 2.142384960494901965e-06 3.673828160124047305e-09
3.434000000000000000e+03 2.144240572706279734e-06 3.622546005380594025e-09
3.536000000000000000e+03 2.146662193089997351e-06 3.555720037339307357e-09
3.639000000000000000e+03 2.143825565649154198e-06 3.518158357170378402e-09
3.741000000000000000e+03 2.139272748809247476e-06 3.462516180148967881e-09
3.843000000000000000e+03 2.145849032685099568e-06 3.426569932289542036e-09
3.945000000000000000e+03 2.143508210400148343e-06 3.378597883444844494e-09
4.048000000000000000e+03 2.134229171844696279e-06 3.305184410438732415e-09
4.150000000000000000e+03 2.134733631913883535e-06 3.280112374657345074e-09
4.252000000000000000e+03 2.131995308996548668e-06 3.236750370801588688e-09
4.354000000000000000e+03 2.129545435041601035e-06 3.194945289883242549e-09
4.456000000000000000e+03 2.116437546790173541e-06 3.123489450617367249e-09
4.559000000000000000e+03 2.109902496160458178e-06 3.093074894717457788e-09
4.661000000000000000e+03 2.103722624844032528e-06 3.051343954274936355e-09
4.763000000000000000e+03 2.089944648811462075e-06 2.997697725529593492e-09
4.865000000000000000e+03 2.086037781088181802e-06 2.961004836637512116e-09
4.968000000000000000e+03 2.064452710249745200e-06 2.885733154018557456e-09
5.070000000000000000e+03 2.060599081610277250e-06 2.865437388865719628e-09
5.172000000000000000e+03 2.046545980712342580e-06 2.817184794174697443e-09
5.274000000000000000e+03 2.044609941409117165e-06 2.786700478322913612e-09
5.376000000000000000e+03 2.034538659219924811e-06 2.747637133953684760e-09
5.478000000000000000e+03 2.028003371233873791e-06 2.698937960317658654e-09
5.581000000000000000e+03 2.017427017743300646e-06 2.673724466840484393e-09
5.683000000000000000e+03 2.009391523012038073e-06 2.639471595832174258e-09
5.785000000000000000e+03 2.002382137642123803e-06 2.606354637037700988e-09
5.888000000000000000e+03 1.996112629901018386e-06 2.562640171405692831e-09
5.990000000000000000e+03 1.982756429713483504e-06 2.536891175080274442e-09
6.092000000000000000e+03 1.988177640456351357e-06 2.520555041641403504e-09
