6.100000000000000000e+01 4.197857670081106841e-06 5.239230561906625012e-08
1.630000000000000000e+02 3.338774205045868143e-06 2.584705283236280294e-08
2.660000000000000000e+02 2.876429083289384404e-06 1.737172308100066492e-08
3.680000000000000000e+02 2.602469763283287387e-06 1.342196768375251077e-08
4.700000000000000000e+02 2.472474657331592556e-06 1.127334387508772857e-08
5.720000000000000000e+02 2.368808118353845998e-06 9.796196963006794336e-09
6.740000000000000000e+02 2.346646602836904096e-06 8.893685814902983082e-09
7.770000000000000000e+02 2.285043966014599638e-06 8.108491940792071288e-09
8.790000000000000000e+02 2.266885478328248454e-06 7.562868238729531622e-09
9.810000000000000000e+02 2.236397244783040928e-06 7.063961239912034117e-09
1.083000000000000000e+03 2.228285200469805139e-06 6.702069730308658759e-09
1.186000000000000000e+03 2.214438906147455119e-06 6.335205775995598703e-09
1.288000000000000000e+03 2.206095447702194167e-06 6.081336710866958526e-09
1.390000000000000000e+03 2.201153475456282348e-06 5.842697245300638098e-09
1.492000000000000000e+03 2.194735454951909176e-06 5.624467291345556340e-09
1.594000000000000000e+03 2.182861071066998844e-06 5.410665430011539171e-09
1.696000000000000000e+03 2.178025291777755916e-06 5.206878530552299790e-09
1.799000000000000000e+03 2.162233424713804339e-06 5.046321693830601745e-09
1.901000000000000000e+03 2.165771007443772469e-06 4.916952936354888351e-09
2.003000000000000000e+03 2.159555757325428322e-06 4.776017420619851411e-09
2.106000000000000000e+03 2.159335596237656028e-06 4.635584962219369426e-09
2.208000000000000000e+03 2.151121350829303471e-06 4.532147451351661431e-09
2.310000000000000000e+03 2.146887978478690453e-06 4.421825120627687806e-09
2.412000000000000000e+03 2.145579972626227582e-06 4.324212598895326248e-09
2.514000000000000000e+03 2.151106497829093420e-06 4.245508940064840607e-09
2.616000000000000000e+03 2.142207827916308088e-06 4.125117002522784850e-09
2.719000000000000000e+03 2.145202402587886020e-06 4.072038096066056130e-09
2.821000000000000000e+03 2.142777628310419998e-06 3.994699045074207670e-09
2.923000000000000000e+03 2.149506422524106851e-06 3.934312170140712296e-09
3.025000000000000000e+03 2.138758534538742069e-06 3.849484766661311048e-09
3.128000000000000000e+03 2.145770979685123586e-06 3.779849933967232901e-09
3.230000000000000000e+03 2.141870480039647755e-06 3.731254616475319942e-09
3.332000000000000000e+03 2.133008664152929083e-06 3.657602452505711869e-09
3.434000000000000000e+03 2.137067035721970864e-06 3.609705939388555583e-09
3.536000000000000000e+03 2.125642322768989475e-06 3.522293278561031203e-09
3.639000000000000000e+03 2.134661936698211019e-06 3.502965648267932405e-09
3.741000000000000000e+03 2.130239946467424344e-06 3.447249274959251675e-09
3.843000000000000000e+03 2.128375681527371614e-06 3.399016620063088189e-09
3.945000000000000000e+03 2.137056260753567506e-06 3.368911613266261241e-09
4.048000000000000000e+03 2.132330414108046149e-06 3.301962904650419469e-09
4.150000000000000000e+03 2.125252902166228781e-06 3.265268073152186089e-09
4.252000000000000000e+03 2.127896023271722309e-06 3.230694332273335300e-09
4.354000000000000000e+03 2.115301323855132836e-06 3.173287484483541279e-09
4.456000000000000000e+03 2.109992506903506587e-06 3.114696179026541957e-09
4.559000000000000000e+03 2.102745159375527208e-06 3.082188520131398992e-09
4.661000000000000000e+03 2.090270015081142677e-06 3.031019112353604406e-09
4.763000000000000000e+03 2.087583190789642588e-06 2.995103769059445774e-09
4.865000000000000000e+03 2.077179117702077812e-06 2.948630080513227857e-09
4.968000000000000000e+03 2.068694526897715624e-06 2.891723440690887344e-09
5.070000000000000000e+03 2.057755568626538612e-06 2.861144294632719101e-09
5.172000000000000000e+03 2.046794221025860483e-06 2.817852479303133451e-09
5.274000000000000000e+03 2.031729129681754862e-06 2.769672365866391559e-09
5.376000000000000000e+03 2.026658021881764354e-06 2.736855630884934125e-09
5.478000000000000000e+03 2.017135494044325163e-06 2.685029788408278554e-09
5.581000000000000000e+03 2.009139216758307852e-06 2.662039922574575768e-09
5.683000000000000000e+03 1.998400646113909218e-06 2.624734288986908658e-09
5.785000000000000000e+03 1.993570947931589729e-06 2.594560710542881367e-09
5.888000000000000000e+03 1.982268497524947004e-06 2.545371579677110334e-09
5.990000000000000000e+03 1.978049549323542034e-06 2.531256097172522753e-09
6.092000000000000000e+03 1.984759604296652153e-06 2.516105161090702011e-09
