6.100000000000000000e+01 2.091811878080009592e-06 2.620482845966777711e-08
1.630000000000000000e+02 2.121326871629418413e-06 1.636425466187943138e-08
2.660000000000000000e+02 2.100011560899075303e-06 1.265366305247737746e-08
3.680000000000000000e+02 2.109454571618087079e-06 1.087420416147750491e-08
4.700000000000000000e+02 2.116261308383473208e-06 9.646022949907731994e-09
5.720000000000000000e+02 2.119557744863859287e-06 8.762741782657110453e-09
6.740000000000000000e+02 2.124938450443369771e-06 8.053000510233558791e-09
7.770000000000000000e+02 2.123203511693813142e-06 7.530529937593281395e-09
8.790000000000000000e+02 2.125055179698752981e-06 7.094269978373200497e-09
9.810000000000000000e+02 2.114360796271519076e-06 6.681017431714960147e-09
1.083000000000000000e+03 2.123382114909506701e-06 6.380270147513035971e-09
1.186000000000000000e+03 2.122188189357195509e-06 6.069564109855324233e-09
1.288000000000000000e+03 2.115702988104163201e-06 5.832733841488078610e-09
1.390000000000000000e+03 2.122626360453249580e-06 5.633984299511123171e-09
1.492000000000000000e+03 2.113714205147454830e-06 5.417167644182353030e-09
1.594000000000000000e+03 2.128072701953279229e-06 5.275331764226198722e-09
1.696000000000000000e+03 2.121512883556125171e-06 5.070793345485669101e-09
1.799000000000000000e+03 2.112935965270728717e-06 4.931354506877822459e-09
1.901000000000000000e+03 2.119843603726322178e-06 4.813368781608639064e-09
2.003000000000000000e+03 2.118590827381542818e-06 4.684709797005580939e-09
2.106000000000000000e+03 2.118172162643740727e-06 4.546978493932566396e-09
2.208000000000000000e+03 2.120287265499121067e-06 4.465631060297380303e-09
2.310000000000000000e+03 2.120216203621662950e-06 4.366240407741641807e-09
2.412000000000000000e+03 2.118257791515186612e-06 4.270058152301403269e-09
2.514000000000000000e+03 2.125656225905278488e-06 4.195175586544815693e-09
2.616000000000000000e+03 2.118858796023698059e-06 4.081681439326747066e-09
2.719000000000000000e+03 2.122268220587783598e-06 4.027115568735673832e-09
2.821000000000000000e+03 2.122778786585756473e-06 3.956599308348843059e-09
2.923000000000000000e+03 2.118834915060698027e-06 3.878942014165972636e-09
3.025000000000000000e+03 2.119656255227026889e-06 3.815300660944963988e-09
3.128000000000000000e+03 2.116868378298409570e-06 3.727948644240523910e-09
3.230000000000000000e+03 2.115363827750450303e-06 3.685403514172899371e-09
3.332000000000000000e+03 2.124136729628527518e-06 3.642589259697208824e-09
3.434000000000000000e+03 2.124370809352711540e-06 3.587558400569195256e-09
3.536000000000000000e+03 2.119007966593120263e-06 3.510600893092429909e-09
3.639000000000000000e+03 2.122666798563997384e-06 3.483793055603864268e-09
3.741000000000000000e+03 2.122660670557768097e-06 3.435075326758037407e-09
3.843000000000000000e+03 2.121429988373279447e-06 3.388246071856695215e-09
3.945000000000000000e+03 2.120516329906851377e-06 3.341948835684700308e-09
4.048000000000000000e+03 2.116440645443292709e-06 3.278162860621043586e-09
4.150000000000000000e+03 2.115268102212703961e-06 3.249914313208581037e-09
4.252000000000000000e+03 2.116414579852026019e-06 3.213156167339584280e-09
4.354000000000000000e+03 2.112217047296702068e-06 3.168758500658446586e-09
4.456000000000000000e+03 2.102690304414007452e-06 3.103782475794876491e-09
4.559000000000000000e+03 2.099030315988473580e-06 3.077394069751954171e-09
4.661000000000000000e+03 2.091132153734248644e-06 3.032555781158645056e-09
4.763000000000000000e+03 2.073932195453700239e-06 2.975280095228275583e-09
4.865000000000000000e+03 2.067382564768360697e-06 2.934527461793845027e-09
4.968000000000000000e+03 2.060658833763562594e-06 2.880572626282198729e-09
5.070000000000000000e+03 2.048368698189293129e-06 2.847345497154307519e-09
5.172000000000000000e+03 2.038598033515609511e-06 2.806705800059449496e-09
5.274000000000000000e+03 2.030478895677271950e-06 2.768339513310571266e-09
5.376000000000000000e+03 2.021131774231329644e-06 2.728651007710936715e-09
5.478000000000000000e+03 2.010160712988834770e-06 2.675911598384302240e-09
5.581000000000000000e+03 2.008800954710290074e-06 2.662165223252381448e-09
5.683000000000000000e+03 1.995222553896634712e-06 2.620779082043704549e-09
5.785000000000000000e+03 1.985560275882941736e-06 2.583944175498026173e-09
5.888000000000000000e+03 1.981639407995882174e-06 2.544865437918415783e-09
5.990000000000000000e+03 1.971505145033213029e-06 2.521613849246020662e-09
6.092000000000000000e+03 1.973711984905324597e-06 2.502428255445758320e-09
