6.100000000000000000e+01 4.052782634621645822e-06 5.109157917271793900e-08
1.630000000000000000e+02 3.281361278289422661e-06 2.537308435895449272e-08
2.660000000000000000e+02 2.863869929316651715e-06 1.728983918676120889e-08
3.680000000000000000e+02 2.620958478591705370e-06 1.350942231248019769e-08
4.700000000000000000e+02 2.483190525639226160e-06 1.132801790336180231e-08
5.720000000000000000e+02 2.389553559434684338e-06 9.885952426472821670e-09
6.740000000000000000e+02 2.328496398149783042e-06 8.820773154393202248e-09
7.770000000000000000e+02 2.295728406993864221e-06 8.145348023001056831e-09
8.790000000000000000e+02 2.261864905008875593e-06 7.550020696543266573e-09
9.810000000000000000e+02 2.238631159131822994e-06 7.072777179670703848e-09
1.083000000000000000e+03 2.234429762218986301e-06 6.716347347028763370e-09
1.186000000000000000e+03 2.210347610519997287e-06 6.323008187824303301e-09
1.288000000000000000e+03 2.198855960726009032e-06 6.062020859725418042e-09
1.390000000000000000e+03 2.188395046552768312e-06 5.811029948604219080e-09
1.492000000000000000e+03 2.185889763018916716e-06 5.600460897527681424e-09
1.594000000000000000e+03 2.173171643331752684e-06 5.386230053734227400e-09
1.696000000000000000e+03 2.175333745236818624e-06 5.198843237909874825e-09
1.799000000000000000e+03 2.168998051188825380e-06 5.063391385012010346e-09
1.901000000000000000e+03 2.166949314937241438e-06 4.919557880256184023e-09
2.003000000000000000e+03 2.162940478928867081e-06 4.783095876190075587e-09
2.106000000000000000e+03 2.155367222366154599e-06 4.627107137260898354e-09
2.208000000000000000e+03 2.159413851794669772e-06 4.548609721563739521e-09
2.310000000000000000e+03 2.148250264314947007e-06 4.424533152960899613e-09
2.412000000000000000e+03 2.156772936044801179e-06 4.345969397016303129e-09
2.514000000000000000e+03 2.143039041473049392e-06 4.230199962919381316e-09
2.616000000000000000e+03 2.144410986772384780e-06 4.130861032908168282e-09
2.719000000000000000e+03 2.150067608829959503e-06 4.081022010613555942e-09
2.821000000000000000e+03 2.148574142327969111e-06 4.004027272751730371e-09
2.923000000000000000e+03 2.131357115000517973e-06 3.903519244127862562e-09
3.025000000000000000e+03 2.141444388049854267e-06 3.852621151217976958e-09
3.128000000000000000e+03 2.139987473824836481e-06 3.770328524506325471e-09
3.230000000000000000e+03 2.139653118870713877e-06 3.726824237187043728e-09
3.332000000000000000e+03 2.140780660923340076e-06 3.670812480932364018e-09
3.434000000000000000e+03 2.134250256069348724e-06 3.605824025144808207e-09
3.536000000000000000e+03 2.131893426441584058e-06 3.531422078086195595e-09
3.639000000000000000e+03 2.130373285216940321e-06 3.495564596248834865e-09
3.741000000000000000e+03 2.130992897011736462e-06 3.449737456965608254e-09
3.843000000000000000e+03 2.138631108468891952e-06 3.415192773984637170e-09
3.945000000000000000e+03 2.123878578279777643e-06 3.347406083006918195e-09
4.048000000000000000e+03 2.126731992923156128e-06 3.293283290412014527e-09
4.150000000000000000e+03 2.118384759628018390e-06 3.256169892370926761e-09
4.252000000000000000e+03 2.124948481029547237e-06 3.225194909307576063e-09
4.354000000000000000e+03 2.119402230722919991e-06 3.179908817306474259e-09
4.456000000000000000e+03 2.111358519413384480e-06 3.115625525792539264e-09
4.559000000000000000e+03 2.108281886404319678e-06 3.091239851949833161e-09
4.661000000000000000e+03 2.095072638956320652e-06 3.038822979179679295e-09
4.763000000000000000e+03 2.088269386795746049e-06 2.995400493288418606e-09
4.865000000000000000e+03 2.067085619800348838e-06 2.933443583980465464e-09
4.968000000000000000e+03 2.067288077310826724e-06 2.889927712852912950e-09
5.070000000000000000e+03 2.051905733878667657e-06 2.853727431186673468e-09
5.172000000000000000e+03 2.040763359509265616e-06 2.809400687211265834e-09
5.274000000000000000e+03 2.032613062225641508e-06 2.770759604828593135e-09
5.376000000000000000e+03 2.024761020992895542e-06 2.734123512584383328e-09
5.478000000000000000e+03 2.016371309030474849e-06 2.684091084044317042e-09
5.581000000000000000e+03 2.010068874606979142e-06 2.663812774394077568e-09
5.683000000000000000e+03 1.999855789933422830e-06 2.625811030358572757e-09
5.785000000000000000e+03 1.989773054069668748e-06 2.590474937997074101e-09
5.888000000000000000e+03 1.988535448399349296e-06 2.552959760864325993e-09
5.990000000000000000e+03 1.974420245772005902e-06 2.526039826314685753e-09
6.092000000000000000e+03 1.976213331195316479e-06 2.505619703476207691e-09
