6.100000000000000000e+01 4.220356271258925001e-06 5.290594247272994030e-08
1.630000000000000000e+02 3.276613681292115057e-06 2.536400801046608195e-08
2.660000000000000000e+02 2.900750539757142080e-06 1.750570806468461164e-08
3.680000000000000000e+02 2.649642936057400787e-06 1.365589078895166281e-08
4.700000000000000000e+02 2.516801208422785404e-06 1.147278376070826095e-08
5.720000000000000000e+02 2.420288014193526142e-06 1.002235745374073668e-08
6.740000000000000000e+02 2.359700443110979163e-06 8.942928416882352388e-09
7.770000000000000000e+02 2.326267116196845168e-06 8.248062571388286405e-09
8.790000000000000000e+02 2.297868495171975020e-06 7.669740795450859293e-09
9.810000000000000000e+02 2.277890691971635772e-06 7.197329882975634483e-09
1.083000000000000000e+03 2.264950436554789331e-06 6.814359571394250949e-09
1.186000000000000000e+03 2.245050717191900565e-06 6.418060357274668198e-09
1.288000000000000000e+03 2.232627907265376408e-06 6.158644817569180577e-09
1.390000000000000000e+03 2.224075327255662479e-06 5.901006088916470149e-09
1.492000000000000000e+03 2.216131464797450229e-06 5.679463925242927395e-09
1.594000000000000000e+03 2.206756505422255529e-06 5.469236336730449781e-09
1.696000000000000000e+03 2.209870095517633959e-06 5.285397388853489748e-09
1.799000000000000000e+03 2.197469321456978637e-06 5.126332506046480163e-09
1.901000000000000000e+03 2.203349676013854424e-06 5.003406017712189906e-09
2.003000000000000000e+03 2.195973830474071171e-06 4.854965308094240214e-09
2.106000000000000000e+03 2.197531085790547844e-06 4.717736170883033073e-09
2.208000000000000000e+03 2.197372408190457676e-06 4.626586445509223582e-09
2.310000000000000000e+03 2.189119453266083627e-06 4.509572322690923756e-09
2.412000000000000000e+03 2.178936118430888574e-06 4.392687367092167455e-09
2.514000000000000000e+03 2.180349226422088545e-06 4.304227283535275655e-09
2.616000000000000000e+03 2.187028507509273637e-06 4.210793208390711561e-09
2.719000000000000000e+03 2.177181810630886622e-06 4.133031419898333985e-09
2.821000000000000000e+03 2.175753252780934548e-06 4.053828830193325147e-09
2.923000000000000000e+03 2.174891178156052798e-06 3.982570308012314111e-09
3.025000000000000000e+03 2.177885652083435266e-06 3.920672721997698653e-09
3.128000000000000000e+03 2.173777372252619447e-06 3.828845687993515121e-09
3.230000000000000000e+03 2.169146649426071375e-06 3.778319056367643743e-09
3.332000000000000000e+03 2.162468448586923048e-06 3.708323743017956041e-09
3.434000000000000000e+03 2.169375829701445161e-06 3.665185168487028371e-09
3.536000000000000000e+03 2.171465628354878559e-06 3.596914665496934273e-09
3.639000000000000000e+03 2.163415666998832455e-06 3.549740712285270330e-09
3.741000000000000000e+03 2.169048282233049600e-06 3.510980002680598931e-09
3.843000000000000000e+03 2.166597690199579620e-06 3.459847715368784885e-09
3.945000000000000000e+03 2.166783381195596755e-06 3.414684274529194601e-09
4.048000000000000000e+03 2.166107879714095991e-06 3.354410801034660720e-09
4.150000000000000000e+03 2.159731367098535991e-06 3.319227043376564052e-09
4.252000000000000000e+03 2.160485266667968936e-06 3.280069891351612658e-09
4.354000000000000000e+03 2.148338401299807843e-06 3.223648996013976088e-09
4.456000000000000000e+03 2.146665401347654811e-06 3.167976533368978529e-09
4.559000000000000000e+03 2.134069699027468343e-06 3.128518654979772718e-09
4.661000000000000000e+03 2.128805073730788194e-06 3.087054688910339274e-09
4.763000000000000000e+03 2.117094625400829023e-06 3.036778660209052693e-09
4.865000000000000000e+03 2.104504869709826856e-06 2.987263903054901959e-09
4.968000000000000000e+03 2.100263037936101102e-06 2.935744079787380684e-09
5.070000000000000000e+03 2.084334326739272462e-06 2.897864497134549523e-09
5.172000000000000000e+03 2.077149824002275433e-06 2.859488463748908870e-09
5.274000000000000000e+03 2.067567186376806512e-06 2.818584019557913859e-09
5.376000000000000000e+03 2.060306073018847648e-06 2.781761614441407389e-09
5.478000000000000000e+03 2.046519079718884570e-06 2.724661643600664105e-09
5.581000000000000000e+03 2.043137968372348964e-06 2.707617682421196745e-09
5.683000000000000000e+03 2.027390196300462777e-06 2.662854234043275570e-09
5.785000000000000000e+03 2.026154514520082185e-06 2.637032788557701582e-09
5.888000000000000000e+03 2.013162793847459087e-06 2.585471950577881577e-09
5.990000000000000000e+03 2.008842450624512072e-06 2.569219979654904652e-09
6.092000000000000000e+03 2.015673054037506523e-06 2.555966319036519834e-09
