6.100000000000000000e+01 2.037088324923956609e-06 2.549091301409026253e-08
1.630000000000000000e+02 2.068845341786884754e-06 1.595971349665730190e-08
2.660000000000000000e+02 2.142869430711102497e-06 1.292273721980558568e-08
3.680000000000000000e+02 2.097473070648903649e-06 1.080171883225972070e-08
4.700000000000000000e+02 2.112029439176324331e-06 9.627529211705421990e-09
5.720000000000000000e+02 2.131071435958172195e-06 8.809096044543793938e-09
6.740000000000000000e+02 2.120716500704162639e-06 8.037986127263222277e-09
7.770000000000000000e+02 2.113778811650837135e-06 7.503162379572278371e-09
8.790000000000000000e+02 2.127578994289174931e-06 7.096629574768096190e-09
9.810000000000000000e+02 2.107702460757319225e-06 6.661857825586826864e-09
1.083000000000000000e+03 2.127722666279938705e-06 6.394709849532542544e-09
1.186000000000000000e+03 2.099012672117654099e-06 6.003902971718703173e-09
1.288000000000000000e+03 2.116865646107686380e-06 5.836449134083014473e-09
1.390000000000000000e+03 2.113084465375258906e-06 5.608521657699785600e-09
1.492000000000000000e+03 2.117583609943812393e-06 5.425457896640346541e-09
1.594000000000000000e+03 2.127413991922270001e-06 5.273009882350607889e-09
1.696000000000000000e+03 2.119066992435409957e-06 5.068912898001137197e-09
1.799000000000000000e+03 2.120420588852900973e-06 4.946739257088822034e-09
1.901000000000000000e+03 2.117915642252981500e-06 4.808870340105460178e-09
2.003000000000000000e+03 2.112567921789185996e-06 4.671923056304113716e-09
2.106000000000000000e+03 2.121657098841307814e-06 4.554510222720317416e-09
2.208000000000000000e+03 2.120191505153296488e-06 4.465570800552456316e-09
2.310000000000000000e+03 2.119161231209526779e-06 4.366119849402723659e-09
2.412000000000000000e+03 2.117770940940051047e-06 4.265391587622590835e-09
2.514000000000000000e+03 2.119022408558040478e-06 4.186208305263639377e-09
2.616000000000000000e+03 2.117165351926638820e-06 4.076265996822776100e-09
2.719000000000000000e+03 2.121314334603661780e-06 4.027093775974819077e-09
2.821000000000000000e+03 2.121913033124082403e-06 3.955089546124987323e-09
2.923000000000000000e+03 2.120929520318467268e-06 3.882521708395683529e-09
3.025000000000000000e+03 2.114683380526532316e-06 3.805696627848745468e-09
3.128000000000000000e+03 2.116585625884925007e-06 3.728445618581406562e-09
3.230000000000000000e+03 2.118201415863712773e-06 3.690236725222117079e-09
3.332000000000000000e+03 2.115972815753195152e-06 3.629676100738903297e-09
3.434000000000000000e+03 2.122755529920855010e-06 3.584829567733918305e-09
3.536000000000000000e+03 2.124882267286082755e-06 3.519514777877841433e-09
3.639000000000000000e+03 2.114612546849228065e-06 3.471457891916235268e-09
3.741000000000000000e+03 2.116967121009632322e-06 3.426367830496441625e-09
3.843000000000000000e+03 2.116345535782608122e-06 3.378868618272062291e-09
3.945000000000000000e+03 2.118209403528166777e-06 3.339418549421459112e-09
4.048000000000000000e+03 2.119458277728681637e-06 3.281183568151987952e-09
4.150000000000000000e+03 2.109964024452884444e-06 3.242601142115373446e-09
4.252000000000000000e+03 2.104408792671761337e-06 3.194791339603632484e-09
4.354000000000000000e+03 2.102817134331381853e-06 3.155007560434395278e-09
4.456000000000000000e+03 2.102206827210923334e-06 3.102585631353767418e-09
4.559000000000000000e+03 2.091336012313785867e-06 3.066301166348254115e-09
4.661000000000000000e+03 2.088346333317552462e-06 3.028344705662194971e-09
4.763000000000000000e+03 2.080322108180176990e-06 2.984227945267612355e-09
4.865000000000000000e+03 2.066197436266968932e-06 2.932807676222482794e-09
4.968000000000000000e+03 2.053106735500563710e-06 2.869452465357802321e-09
5.070000000000000000e+03 2.051392278835759474e-06 2.852708220318154443e-09
5.172000000000000000e+03 2.042367362472324739e-06 2.811253490779553437e-09
5.274000000000000000e+03 2.028711616739406769e-06 2.765611856494604544e-09
5.376000000000000000e+03 2.021143132486072170e-06 2.729484423716864336e-09
5.478000000000000000e+03 2.010083224615214594e-06 2.675407940123571987e-09
5.581000000000000000e+03 2.000362795241568477e-06 2.650732683481183768e-09
5.683000000000000000e+03 1.998472588656382023e-06 2.624763282111407540e-09
5.785000000000000000e+03 1.989222674048326862e-06 2.589124537205018137e-09
5.888000000000000000e+03 1.979010154446923607e-06 2.541346498027263408e-09
5.990000000000000000e+03 1.968910334351226778e-06 2.518352372904827223e-09
6.092000000000000000e+03 1.974251593396368163e-06 2.503508097095151365e-09
