6.100000000000000000e+01 4.105622247446825171e-06 5.151228910799658937e-08
1.630000000000000000e+02 3.287823173871569147e-06 2.551736107446045490e-08
2.660000000000000000e+02 2.864453600246879703e-06 1.726797353304539828e-08
3.680000000000000000e+02 2.630126682684738511e-06 1.357008299982549143e-08
4.700000000000000000e+02 2.477896116107501947e-06 1.131559951756081273e-08
5.720000000000000000e+02 2.398191191719899749e-06 9.905842464087487755e-09
6.740000000000000000e+02 2.331444166705325336e-06 8.836514669410183456e-09
7.770000000000000000e+02 2.287548470245728892e-06 8.119038363417152026e-09
8.790000000000000000e+02 2.265342375887101226e-06 7.558079067609408134e-09
9.810000000000000000e+02 2.257250367623634387e-06 7.132471354682279325e-09
1.083000000000000000e+03 2.223691575765657246e-06 6.683500374546363858e-09
1.186000000000000000e+03 2.205344730763859532e-06 6.307178379100326881e-09
1.288000000000000000e+03 2.195922839644305313e-06 6.056129102763391612e-09
1.390000000000000000e+03 2.189023432298423265e-06 5.811503251796999260e-09
1.492000000000000000e+03 2.196265473938967417e-06 5.626072690848805162e-09
1.594000000000000000e+03 2.175359205648768045e-06 5.394189445771467797e-09
1.696000000000000000e+03 2.181264824347432230e-06 5.214363736301839145e-09
1.799000000000000000e+03 2.154672255651066089e-06 5.028653032605624363e-09
1.901000000000000000e+03 2.170083864085491566e-06 4.925694020655095918e-09
2.003000000000000000e+03 2.160485689607488189e-06 4.779716569296869116e-09
2.106000000000000000e+03 2.156786219368532946e-06 4.628915637494878751e-09
2.208000000000000000e+03 2.159870419874197520e-06 4.550201357666684505e-09
2.310000000000000000e+03 2.156554960750459244e-06 4.442575705203876005e-09
2.412000000000000000e+03 2.146498789355641882e-06 4.325258405691644010e-09
2.514000000000000000e+03 2.147435124624701527e-06 4.239284409366841492e-09
2.616000000000000000e+03 2.152892112263888391e-06 4.144897152479741426e-09
2.719000000000000000e+03 2.150720934602016734e-06 4.083658776926309633e-09
2.821000000000000000e+03 2.141916745462956713e-06 3.991373251877572442e-09
2.923000000000000000e+03 2.137516183691729684e-06 3.913780732920038809e-09
3.025000000000000000e+03 2.138680150214354550e-06 3.848802430467690870e-09
3.128000000000000000e+03 2.142177224736850872e-06 3.774163794604853932e-09
3.230000000000000000e+03 2.137021691173134435e-06 3.721689935795554621e-09
3.332000000000000000e+03 2.134695359976339591e-06 3.660412588109050578e-09
3.434000000000000000e+03 2.141698227857203055e-06 3.618733440253169373e-09
3.536000000000000000e+03 2.134133324030206678e-06 3.535351322634575508e-09
3.639000000000000000e+03 2.138671446558463993e-06 3.510076170272050646e-09
3.741000000000000000e+03 2.133190316313551467e-06 3.452061942419633290e-09
3.843000000000000000e+03 2.134105025930022214e-06 3.408895933024341427e-09
3.945000000000000000e+03 2.133983997712069783e-06 3.363798194108950941e-09
4.048000000000000000e+03 2.130079619694388737e-06 3.297000729622290135e-09
4.150000000000000000e+03 2.127971511660617398e-06 3.270870547468319506e-09
4.252000000000000000e+03 2.127180179282847523e-06 3.229165005346385507e-09
4.354000000000000000e+03 2.117570276771950700e-06 3.177742048597507063e-09
4.456000000000000000e+03 2.110827829447818506e-06 3.114925072951903903e-09
4.559000000000000000e+03 2.105443716275357671e-06 3.086898884941411269e-09
4.661000000000000000e+03 2.087985452234931276e-06 3.027557041327352207e-09
4.763000000000000000e+03 2.087568695762108765e-06 2.995178622336604538e-09
4.865000000000000000e+03 2.073833867635826639e-06 2.943180463007659878e-09
4.968000000000000000e+03 2.068234921837800601e-06 2.891033771546670722e-09
5.070000000000000000e+03 2.054428128121723445e-06 2.856624385546139793e-09
5.172000000000000000e+03 2.042234678387614472e-06 2.811572385650288262e-09
5.274000000000000000e+03 2.034407062486399300e-06 2.773363932496140290e-09
5.376000000000000000e+03 2.024889664957525081e-06 2.733809182216765211e-09
5.478000000000000000e+03 2.018542750321008644e-06 2.687189560866570340e-09
5.581000000000000000e+03 2.005243725801012788e-06 2.657745955540628003e-09
5.683000000000000000e+03 2.003193350306121475e-06 2.630067684744611422e-09
5.785000000000000000e+03 1.985246099186697605e-06 2.584407980620164467e-09
5.888000000000000000e+03 1.983472928129172305e-06 2.546820046225249489e-09
5.990000000000000000e+03 1.978748519752202244e-06 2.530836064768217857e-09
6.092000000000000000e+03 1.981965751014726301e-06 2.513671769393310058e-09
