6.100000000000000000e+01 4.062739414342724050e-06 5.090892040300396651e-08
1.630000000000000000e+02 3.319306365565963948e-06 2.568306583629409808e-08
2.660000000000000000e+02 2.875157600481982024e-06 1.735326870130961673e-08
3.680000000000000000e+02 2.598606760836357738e-06 1.339401983901432966e-08
4.700000000000000000e+02 2.476721997733874855e-06 1.129055276473518750e-08
5.720000000000000000e+02 2.404874776755941781e-06 9.950244960454526575e-09
6.740000000000000000e+02 2.337860753068268662e-06 8.855191742171562313e-09
7.770000000000000000e+02 2.281905846285648252e-06 8.103241370478677355e-09
8.790000000000000000e+02 2.280481103745001238e-06 7.608675127217513985e-09
9.810000000000000000e+02 2.234678391083615317e-06 7.060068531052908967e-09
1.083000000000000000e+03 2.233819519227641246e-06 6.714023353281646115e-09
1.186000000000000000e+03 2.216067290089409814e-06 6.340740485929005465e-09
1.288000000000000000e+03 2.211942382225343114e-06 6.094621749276500202e-09
1.390000000000000000e+03 2.188954497989302855e-06 5.814079141811735378e-09
1.492000000000000000e+03 2.179953045484116298e-06 5.585117800704298347e-09
1.594000000000000000e+03 2.179783056767262583e-06 5.402839942128599658e-09
1.696000000000000000e+03 2.169247202279020528e-06 5.189284627772281263e-09
1.799000000000000000e+03 2.169588751432467821e-06 5.059403396210175627e-09
1.901000000000000000e+03 2.155158141187335540e-06 4.894571997670025982e-09
2.003000000000000000e+03 2.164065334182115462e-06 4.787060387191262415e-09
2.106000000000000000e+03 2.157392769529000673e-06 4.629906267371877126e-09
2.208000000000000000e+03 2.152517546818908965e-06 4.534498095169999159e-09
2.310000000000000000e+03 2.150486633640445950e-06 4.429740244765222778e-09
2.412000000000000000e+03 2.157217738055584886e-06 4.345345242312746106e-09
2.514000000000000000e+03 2.139344578495315779e-06 4.224824212208826008e-09
2.616000000000000000e+03 2.146065474456295794e-06 4.131968764039399219e-09
2.719000000000000000e+03 2.147422668460399291e-06 4.076704706755870312e-09
2.821000000000000000e+03 2.141090091904399395e-06 3.991020557631998369e-09
2.923000000000000000e+03 2.141482701308887915e-06 3.919335153219661089e-09
3.025000000000000000e+03 2.135375078567857598e-06 3.844229999849854384e-09
3.128000000000000000e+03 2.142305524206702231e-06 3.773379143311579063e-09
3.230000000000000000e+03 2.142220087323826756e-06 3.731497806218501801e-09
3.332000000000000000e+03 2.139365119974979393e-06 3.669225463036833761e-09
3.434000000000000000e+03 2.141130424247238288e-06 3.616944624142089988e-09
3.536000000000000000e+03 2.138139723703906939e-06 3.542628312416702372e-09
3.639000000000000000e+03 2.136189873845764074e-06 3.505113222814790965e-09
3.741000000000000000e+03 2.128773196738296386e-06 3.445479613858328646e-09
3.843000000000000000e+03 2.130764441307116008e-06 3.403005689389939253e-09
3.945000000000000000e+03 2.131536000043043656e-06 3.358937921443973443e-09
4.048000000000000000e+03 2.123369649276702144e-06 3.288282264625852767e-09
4.150000000000000000e+03 2.124572540227736111e-06 3.264501049266928523e-09
4.252000000000000000e+03 2.125068103741148545e-06 3.226447433378901371e-09
4.354000000000000000e+03 2.116152865718107515e-06 3.175152228784999426e-09
4.456000000000000000e+03 2.108258631213540570e-06 3.111459632639169098e-09
4.559000000000000000e+03 2.104608035093119589e-06 3.085763361931090754e-09
4.661000000000000000e+03 2.095500925040645257e-06 3.038339285655121766e-09
4.763000000000000000e+03 2.084383755211371510e-06 2.990483720307869410e-09
4.865000000000000000e+03 2.073031069991496364e-06 2.942050883584652925e-09
4.968000000000000000e+03 2.068255976648577079e-06 2.890571045058026595e-09
5.070000000000000000e+03 2.049861799209752543e-06 2.850691510389120352e-09
5.172000000000000000e+03 2.036409779638935694e-06 2.803331829694015304e-09
5.274000000000000000e+03 2.035944938816145491e-06 2.775444350306349053e-09
5.376000000000000000e+03 2.023920469609636123e-06 2.733265906770506761e-09
5.478000000000000000e+03 2.013152012365726424e-06 2.679569958966681336e-09
5.581000000000000000e+03 2.002476156534980716e-06 2.652915275904587057e-09
5.683000000000000000e+03 2.000187160032712347e-06 2.626648772384103605e-09
5.785000000000000000e+03 1.992727721199633882e-06 2.594968387861511312e-09
5.888000000000000000e+03 1.983014684336633146e-06 2.545572063591158312e-09
5.990000000000000000e+03 1.973244060382292402e-06 2.524562450453313351e-09
6.092000000000000000e+03 1.981320389808702739e-06 2.512169818160454589e-09
