6.100000000000000000e+01 4.184449817032669944e-06 5.250125782115947284e-08
1.630000000000000000e+02 3.284351104891710897e-06 2.536323229904883144e-08
2.660000000000000000e+02 2.856073485734009020e-06 1.726977280792202999e-08
3.680000000000000000e+02 2.616684547605248484e-06 1.348504388517976272e-08
4.700000000000000000e+02 2.477990929104843466e-06 1.130126429498751507e-08
5.720000000000000000e+02 2.385074666826123139e-06 9.864613009327260507e-09
6.740000000000000000e+02 2.340225351867844768e-06 8.869875240580563613e-09
7.770000000000000000e+02 2.290499729744417975e-06 8.129102231233018777e-09
8.790000000000000000e+02 2.271175770123000137e-06 7.575882502889765472e-09
9.810000000000000000e+02 2.244295348724777200e-06 7.093138251215481974e-09
1.083000000000000000e+03 2.224757265625385339e-06 6.688676985211505343e-09
1.186000000000000000e+03 2.219046616626103423e-06 6.345880508723778609e-09
1.288000000000000000e+03 2.203371946751903982e-06 6.076744965039191753e-09
1.390000000000000000e+03 2.196039381869140342e-06 5.829445102990894074e-09
1.492000000000000000e+03 2.171630990521266685e-06 5.563632297719878768e-09
1.594000000000000000e+03 2.186624728022690186e-06 5.421758273999419138e-09
1.696000000000000000e+03 2.175929332418494298e-06 5.200625365614636545e-09
1.799000000000000000e+03 2.175237290883035981e-06 5.076469480861573652e-09
1.901000000000000000e+03 2.164917383736888034e-06 4.915567244815545594e-09
2.003000000000000000e+03 2.159875275890653080e-06 4.776131912980185912e-09
2.106000000000000000e+03 2.159128046967085565e-06 4.634352174135303953e-09
2.208000000000000000e+03 2.157161940958073750e-06 4.545003641298715751e-09
2.310000000000000000e+03 2.149090969028897433e-06 4.425667368545834422e-09
2.412000000000000000e+03 2.150445620314587278e-06 4.334849840367757767e-09
2.514000000000000000e+03 2.147485643071215875e-06 4.236067252129247875e-09
2.616000000000000000e+03 2.143998526062382370e-06 4.130433992887322695e-09
2.719000000000000000e+03 2.141877437779198293e-06 4.065904429347824621e-09
2.821000000000000000e+03 2.138285797666936768e-06 3.985174628387137960e-09
2.923000000000000000e+03 2.136088592868938794e-06 3.911810130423249210e-09
3.025000000000000000e+03 2.139636635752730476e-06 3.850760104255273164e-09
3.128000000000000000e+03 2.140074157485246769e-06 3.768867998640618637e-09
3.230000000000000000e+03 2.126757379992363673e-06 3.703624267632841807e-09
3.332000000000000000e+03 2.136625546856752788e-06 3.664544433122953328e-09
3.434000000000000000e+03 2.132755694611037013e-06 3.603345059549272890e-09
3.536000000000000000e+03 2.127410320771166654e-06 3.524660436006871208e-09
3.639000000000000000e+03 2.131340995724744242e-06 3.497592470738264650e-09
3.741000000000000000e+03 2.135524334772095200e-06 3.456449774794344207e-09
3.843000000000000000e+03 2.132063800318194136e-06 3.404699498063052252e-09
3.945000000000000000e+03 2.128078384164345934e-06 3.353105634704655895e-09
4.048000000000000000e+03 2.125999744534135989e-06 3.292888334916835588e-09
4.150000000000000000e+03 2.129298304408739432e-06 3.271253245129752926e-09
4.252000000000000000e+03 2.119865580900325610e-06 3.218555984121137868e-09
4.354000000000000000e+03 2.120226540831958060e-06 3.181276491214392829e-09
4.456000000000000000e+03 2.108644291678052696e-06 3.112416040930704366e-09
4.559000000000000000e+03 2.101668342266504801e-06 3.080954938719009780e-09
4.661000000000000000e+03 2.086979680338685351e-06 3.026418222698885932e-09
4.763000000000000000e+03 2.085780995919093206e-06 2.991190114021833368e-09
4.865000000000000000e+03 2.073198207214528739e-06 2.942880298125156438e-09
4.968000000000000000e+03 2.067499713403979893e-06 2.890347402644403826e-09
5.070000000000000000e+03 2.053644076373034078e-06 2.855334256151335670e-09
5.172000000000000000e+03 2.046451981332025478e-06 2.817526791498059513e-09
5.274000000000000000e+03 2.036645871729475964e-06 2.776493611284551880e-09
5.376000000000000000e+03 2.025364776415243330e-06 2.734766909098163178e-09
5.478000000000000000e+03 2.020432623613686414e-06 2.689468055330195548e-09
5.581000000000000000e+03 2.012348657339238378e-06 2.667024574630357354e-09
5.683000000000000000e+03 2.003062677069427017e-06 2.630354799872653477e-09
5.785000000000000000e+03 1.989634386279569562e-06 2.589838928964364303e-09
5.888000000000000000e+03 1.985742537869072252e-06 2.550154548037339597e-09
5.990000000000000000e+03 1.973136813912258963e-06 2.523410125178237274e-09
6.092000000000000000e+03 1.979439883883601048e-06 2.510117191327309837e-09
