6.100000000000000000e+01 2.116741370311551775e-06 2.628744207172740611e-08
1.630000000000000000e+02 2.099131110820394536e-06 1.622262008885564252e-08
2.660000000000000000e+02 2.121915257361015750e-06 1.279668837409583192e-08
3.680000000000000000e+02 2.107144595422261382e-06 1.086542105277587030e-08
4.700000000000000000e+02 2.118516416492731311e-06 9.657072335063393663e-09
5.720000000000000000e+02 2.129623388480399860e-06 8.805715795617540838e-09
6.740000000000000000e+02 2.115134848322548530e-06 8.009225744887318177e-09
7.770000000000000000e+02 2.111240829058444414e-06 7.498454064958193573e-09
8.790000000000000000e+02 2.127410041124606229e-06 7.097025134869641905e-09
9.810000000000000000e+02 2.106791739889867075e-06 6.654194949227776936e-09
1.083000000000000000e+03 2.119908618589372670e-06 6.374877362207102790e-09
1.186000000000000000e+03 2.116578753087841652e-06 6.055427482754772403e-09
1.288000000000000000e+03 2.126029383795493982e-06 5.861453425584876783e-09
1.390000000000000000e+03 2.116445353119206183e-06 5.617386933842423052e-09
1.492000000000000000e+03 2.123860156049423947e-06 5.442404111725801145e-09
1.594000000000000000e+03 2.114655948384568764e-06 5.240444477184945403e-09
1.696000000000000000e+03 2.114439140393865374e-06 5.056967404089806521e-09
1.799000000000000000e+03 2.114992542398449299e-06 4.934090966214073174e-09
1.901000000000000000e+03 2.124760261975223465e-06 4.824580722163303332e-09
2.003000000000000000e+03 2.111499602848572920e-06 4.667632547520134368e-09
2.106000000000000000e+03 2.124097633032935935e-06 4.559027717898919782e-09
2.208000000000000000e+03 2.124973150684084343e-06 4.476687712461534520e-09
2.310000000000000000e+03 2.124483912805200351e-06 4.376024220080931901e-09
2.412000000000000000e+03 2.118374522929703814e-06 4.269814311818883036e-09
2.514000000000000000e+03 2.119005939414511249e-06 4.183527476286098709e-09
2.616000000000000000e+03 2.125175498725703368e-06 4.091040591409779542e-09
2.719000000000000000e+03 2.119972819404242033e-06 4.025448167354936867e-09
2.821000000000000000e+03 2.119858795440551101e-06 3.949971905349973362e-09
2.923000000000000000e+03 2.129328996933608854e-06 3.899941892349610686e-09
3.025000000000000000e+03 2.122537611644416064e-06 3.819935751883168310e-09
3.128000000000000000e+03 2.119109528725533704e-06 3.732341676149296399e-09
3.230000000000000000e+03 2.126584825672044842e-06 3.703820232187655037e-09
3.332000000000000000e+03 2.120700226269115553e-06 3.637002705086915700e-09
3.434000000000000000e+03 2.122653199154089457e-06 3.585860263868256970e-09
3.536000000000000000e+03 2.116900093494004256e-06 3.506469814402152620e-09
3.639000000000000000e+03 2.118474312381421598e-06 3.476512953321974020e-09
3.741000000000000000e+03 2.120021059498116655e-06 3.431840299334128399e-09
3.843000000000000000e+03 2.122388523930017801e-06 3.389040295475905011e-09
3.945000000000000000e+03 2.116025918580652459e-06 3.336629944468100479e-09
4.048000000000000000e+03 2.121370717408329282e-06 3.284231597906005135e-09
4.150000000000000000e+03 2.117444360464617292e-06 3.253832704026789001e-09
4.252000000000000000e+03 2.108298155381680223e-06 3.199925614931572042e-09
4.354000000000000000e+03 2.106245106730926951e-06 3.161299063938266228e-09
4.456000000000000000e+03 2.098415789015591855e-06 3.096214200328808530e-09
4.559000000000000000e+03 2.091314676644624762e-06 3.066245884378022224e-09
4.661000000000000000e+03 2.089012209975661633e-06 3.029304352931413954e-09
4.763000000000000000e+03 2.066334229268171468e-06 2.964764022749893834e-09
4.865000000000000000e+03 2.067055354807120030e-06 2.933673808273071955e-09
4.968000000000000000e+03 2.055027706026228947e-06 2.872575806893131714e-09
5.070000000000000000e+03 2.048468120459973971e-06 2.848157948354415972e-09
5.172000000000000000e+03 2.041610237092739349e-06 2.811122066208418752e-09
5.274000000000000000e+03 2.031132588295923634e-06 2.767931998293320626e-09
5.376000000000000000e+03 2.018623242707401962e-06 2.725816882847654211e-09
5.478000000000000000e+03 2.008189173879745044e-06 2.673724138220540511e-09
5.581000000000000000e+03 1.999145393839693693e-06 2.649502281590705359e-09
5.683000000000000000e+03 1.995649740005244420e-06 2.620825153385298738e-09
5.785000000000000000e+03 1.987015613333303635e-06 2.586287362913684973e-09
5.888000000000000000e+03 1.982612085377850793e-06 2.545299095303745777e-09
5.990000000000000000e+03 1.971007020999901968e-06 2.520960149331937499e-09
6.092000000000000000e+03 1.975353430948108983e-06 2.505235567836376179e-09
