6.100000000000000000e+01 4.122599985226424164e-06 5.179578021209194669e-08
1.630000000000000000e+02 3.284435037417101249e-06 2.541487079507326738e-08
2.660000000000000000e+02 2.850815985955885734e-06 1.720950308161557208e-08
3.680000000000000000e+02 2.606873286546110786e-06 1.342706189245498117e-08
4.700000000000000000e+02 2.469364766225725289e-06 1.126045934951903378e-08
5.720000000000000000e+02 2.375536395134626518e-06 9.823665422197919514e-09
6.740000000000000000e+02 2.344702951256508664e-06 8.885636364131441099e-09
7.770000000000000000e+02 2.301205186260452101e-06 8.169181386590280761e-09
8.790000000000000000e+02 2.279178527649343354e-06 7.604069389976492103e-09
9.810000000000000000e+02 2.245257142590388831e-06 7.092838071914777915e-09
1.083000000000000000e+03 2.225209400519734016e-06 6.690270620055119768e-09
1.186000000000000000e+03 2.213552833367792901e-06 6.330483475506093204e-09
1.288000000000000000e+03 2.201430458165472075e-06 6.073376510483146202e-09
1.390000000000000000e+03 2.196064408321904377e-06 5.827086360378686494e-09
1.492000000000000000e+03 2.188985020671057197e-06 5.608821968234561613e-09
1.594000000000000000e+03 2.181386109645504639e-06 5.409730959003864674e-09
1.696000000000000000e+03 2.167982185732594878e-06 5.183101512701952306e-09
1.799000000000000000e+03 2.163022593857992691e-06 5.049587645156483429e-09
1.901000000000000000e+03 2.161295647073588048e-06 4.904304700845232961e-09
2.003000000000000000e+03 2.166334747823793180e-06 4.791218177904849202e-09
2.106000000000000000e+03 2.155738004633005686e-06 4.627343740426970346e-09
2.208000000000000000e+03 2.156002999637538150e-06 4.540489053737492358e-09
2.310000000000000000e+03 2.147286462272631090e-06 4.420965304456984836e-09
2.412000000000000000e+03 2.149839843223539987e-06 4.332810700056604660e-09
2.514000000000000000e+03 2.148815170558532939e-06 4.243762256835708218e-09
2.616000000000000000e+03 2.151667403334163073e-06 4.142653831964005803e-09
2.719000000000000000e+03 2.141943531645338969e-06 4.066633732979676948e-09
2.821000000000000000e+03 2.142502969802382768e-06 3.993247787253707755e-09
2.923000000000000000e+03 2.142217379511940410e-06 3.921851988032036025e-09
3.025000000000000000e+03 2.144400470940655045e-06 3.857960262605358475e-09
3.128000000000000000e+03 2.137590627041841803e-06 3.766435378980475668e-09
3.230000000000000000e+03 2.135491164118417172e-06 3.719615358035211573e-09
3.332000000000000000e+03 2.134651176184190700e-06 3.661067053568310694e-09
3.434000000000000000e+03 2.132064505996578922e-06 3.601061098251309900e-09
3.536000000000000000e+03 2.133261509981638341e-06 3.533714364708936336e-09
3.639000000000000000e+03 2.131212629606725880e-06 3.497004446145101764e-09
3.741000000000000000e+03 2.131223335818526129e-06 3.450955667873916477e-09
3.843000000000000000e+03 2.131561453498845959e-06 3.403244013960353212e-09
3.945000000000000000e+03 2.133032764847178217e-06 3.362053857343067145e-09
4.048000000000000000e+03 2.131594467560773923e-06 3.301287246271872405e-09
4.150000000000000000e+03 2.127881732746778766e-06 3.269732657024519149e-09
4.252000000000000000e+03 2.127109507299262463e-06 3.228591150278765521e-09
4.354000000000000000e+03 2.123023698479701051e-06 3.185728865071541331e-09
4.456000000000000000e+03 2.107378281037466199e-06 3.109805328855497309e-09
4.559000000000000000e+03 2.100745555448092112e-06 3.080326199970455879e-09
4.661000000000000000e+03 2.094649401760039041e-06 3.038177121955205097e-09
4.763000000000000000e+03 2.082362208447341269e-06 2.986929745455250994e-09
4.865000000000000000e+03 2.071814674073272038e-06 2.940959467402429602e-09
4.968000000000000000e+03 2.063416714896350039e-06 2.883585265371224873e-09
5.070000000000000000e+03 2.052917236040444256e-06 2.854692600771281602e-09
5.172000000000000000e+03 2.044738915734219924e-06 2.815365137248258612e-09
5.274000000000000000e+03 2.032401141977637828e-06 2.770475900580854981e-09
5.376000000000000000e+03 2.025891682920699460e-06 2.735428793497221733e-09
5.478000000000000000e+03 2.016354427714667365e-06 2.683617490927048268e-09
5.581000000000000000e+03 2.005362828379892735e-06 2.657370071442829220e-09
5.683000000000000000e+03 1.997934343158654488e-06 2.624294494041723366e-09
5.785000000000000000e+03 1.993563367891760155e-06 2.594708613655292349e-09
5.888000000000000000e+03 1.985734631040281762e-06 2.550223341205252506e-09
5.990000000000000000e+03 1.978822520697003894e-06 2.531225556067015329e-09
6.092000000000000000e+03 1.983489436591247580e-06 2.514631769705517350e-09
