6.100000000000000000e+01 4.073319871722658239e-06 5.103449801164720480e-08
1.630000000000000000e+02 3.288807542964146056e-06 2.548472194695647441e-08
2.660000000000000000e+02 2.861139767212623016e-06 1.726846291817783643e-08
3.680000000000000000e+02 2.591332548802758094e-06 1.335731199138707315e-08
4.700000000000000000e+02 2.500126035809400224e-06 1.140472242950854776e-08
5.720000000000000000e+02 2.413178929668906729e-06 9.970917500330426151e-09
6.740000000000000000e+02 2.341189910776794599e-06 8.877433007910207166e-09
7.770000000000000000e+02 2.291270002933915456e-06 8.128764871059189411e-09
8.790000000000000000e+02 2.276256991606124144e-06 7.593033324371218673e-09
9.810000000000000000e+02 2.239991914687478030e-06 7.077508986340685055e-09
1.083000000000000000e+03 2.225069410167524782e-06 6.690057240191256631e-09
1.186000000000000000e+03 2.220063048007486852e-06 6.348380335608205944e-09
1.288000000000000000e+03 2.211985229237551503e-06 6.098191621764888054e-09
1.390000000000000000e+03 2.202614291453079779e-06 5.847573353619347934e-09
1.492000000000000000e+03 2.194641373596032701e-06 5.622731969795285586e-09
1.594000000000000000e+03 2.176203117257772662e-06 5.394961080921709989e-09
1.696000000000000000e+03 2.171867290773803185e-06 5.194022243713738068e-09
1.799000000000000000e+03 2.168080364985356358e-06 5.058205436502848292e-09
1.901000000000000000e+03 2.166479967955233142e-06 4.917742890196110326e-09
2.003000000000000000e+03 2.170715893436959074e-06 4.801441553810985271e-09
2.106000000000000000e+03 2.166829883567179436e-06 4.653080869322499552e-09
2.208000000000000000e+03 2.162883851779482965e-06 4.553763860130709870e-09
2.310000000000000000e+03 2.151313341639852137e-06 4.431392837217105277e-09
2.412000000000000000e+03 2.155339747523798197e-06 4.344209830713381345e-09
2.514000000000000000e+03 2.153653296340018729e-06 4.252356473477514215e-09
2.616000000000000000e+03 2.147412518195912644e-06 4.134603555154550826e-09
2.719000000000000000e+03 2.144738552323710226e-06 4.072003068782408985e-09
2.821000000000000000e+03 2.139285939292761612e-06 3.986562315442106952e-09
2.923000000000000000e+03 2.138505862627614383e-06 3.915635499523046570e-09
3.025000000000000000e+03 2.137460832499384875e-06 3.847738033530867908e-09
3.128000000000000000e+03 2.140035482413633730e-06 3.769131056717041701e-09
3.230000000000000000e+03 2.145194292195709780e-06 3.736221290848602838e-09
3.332000000000000000e+03 2.142846062377023321e-06 3.675368034124146767e-09
3.434000000000000000e+03 2.135156076762991419e-06 3.606901648335820692e-09
3.536000000000000000e+03 2.138762321859089797e-06 3.542501043865620350e-09
3.639000000000000000e+03 2.139052544557294101e-06 3.510512293281007117e-09
3.741000000000000000e+03 2.132488473729886940e-06 3.450936827030992996e-09
3.843000000000000000e+03 2.130892389525771590e-06 3.403319264822935913e-09
3.945000000000000000e+03 2.136174469416510672e-06 3.366186825840138144e-09
4.048000000000000000e+03 2.138002379640259454e-06 3.310457952374283737e-09
4.150000000000000000e+03 2.123590236732468388e-06 3.264390983831858308e-09
4.252000000000000000e+03 2.122400476718263431e-06 3.221140815115682776e-09
4.354000000000000000e+03 2.118733304928058254e-06 3.179578969268047788e-09
4.456000000000000000e+03 2.110454649782907132e-06 3.115003802766514315e-09
4.559000000000000000e+03 2.098691774729186032e-06 3.076590507568976170e-09
4.661000000000000000e+03 2.096931069648805781e-06 3.040425694280753602e-09
4.763000000000000000e+03 2.089520057256021936e-06 2.997893650976010878e-09
4.865000000000000000e+03 2.080917956776017889e-06 2.953464697515046976e-09
4.968000000000000000e+03 2.066863335490517780e-06 2.888472830946785601e-09
5.070000000000000000e+03 2.058309059641004664e-06 2.863097467601900284e-09
5.172000000000000000e+03 2.043890753388329718e-06 2.813084466384065800e-09
5.274000000000000000e+03 2.041354887783033670e-06 2.783011938372740775e-09
5.376000000000000000e+03 2.021978214738788315e-06 2.730530764161815068e-09
5.478000000000000000e+03 2.022928832280859735e-06 2.692539443425707168e-09
5.581000000000000000e+03 2.006848910707900338e-06 2.659625872624469810e-09
5.683000000000000000e+03 2.004361226989132448e-06 2.631763415112007318e-09
5.785000000000000000e+03 1.992258022219625424e-06 2.593377565862909234e-09
5.888000000000000000e+03 1.987049737895519331e-06 2.551924102275136780e-09
5.990000000000000000e+03 1.980874976864152992e-06 2.533692738275216722e-09
6.092000000000000000e+03 1.982293632565326985e-06 2.513777037222689835e-09
