6.100000000000000000e+01 4.117561035421587331e-06 5.171466851806257930e-08
1.630000000000000000e+02 3.291744303875820691e-06 2.552985450039559342e-08
2.660000000000000000e+02 2.887448864293087263e-06 1.744341891849413287e-08
3.680000000000000000e+02 2.598557065492076158e-06 1.339236960734690945e-08
4.700000000000000000e+02 2.514175373061947677e-06 1.146006089571739573e-08
5.720000000000000000e+02 2.393452199989878242e-06 9.904166003018179086e-09
6.740000000000000000e+02 2.342989279519413332e-06 8.879043056454011505e-09
7.770000000000000000e+02 2.302179567556894361e-06 8.173432760471360045e-09
8.790000000000000000e+02 2.270402137397562032e-06 7.571896262613345384e-09
9.810000000000000000e+02 2.241264126666945410e-06 7.082462591651524536e-09
1.083000000000000000e+03 2.223855023132829597e-06 6.684363339444553857e-09
1.186000000000000000e+03 2.210797426005508524e-06 6.322573267761530876e-09
1.288000000000000000e+03 2.194627865024239426e-06 6.053371896545552252e-09
1.390000000000000000e+03 2.191029506309636236e-06 5.816170912220096006e-09
1.492000000000000000e+03 2.195346947488896529e-06 5.623573117285857964e-09
1.594000000000000000e+03 2.171754506113075975e-06 5.383936495732149265e-09
1.696000000000000000e+03 2.164427784395258152e-06 5.174978794730666642e-09
1.799000000000000000e+03 2.165346240643289617e-06 5.050981102113978967e-09
1.901000000000000000e+03 2.154730153841081586e-06 4.893472836704919302e-09
2.003000000000000000e+03 2.157758057773273437e-06 4.771737239129018121e-09
2.106000000000000000e+03 2.153503342519788816e-06 4.621377202605967955e-09
2.208000000000000000e+03 2.152059429642594989e-06 4.533733642874662629e-09
2.310000000000000000e+03 2.154052671584641830e-06 4.436548275499963489e-09
2.412000000000000000e+03 2.142473806589709720e-06 4.317262331338524102e-09
2.514000000000000000e+03 2.143763289627379351e-06 4.232566999255990610e-09
2.616000000000000000e+03 2.142701988639425861e-06 4.126085437828286231e-09
2.719000000000000000e+03 2.133864313875582669e-06 4.051592313028023070e-09
2.821000000000000000e+03 2.144597137295359400e-06 3.997037349411827090e-09
2.923000000000000000e+03 2.140210752151415927e-06 3.917317279484929682e-09
3.025000000000000000e+03 2.141093715887232171e-06 3.854483822653686569e-09
3.128000000000000000e+03 2.142306790311426565e-06 3.772602056429141176e-09
3.230000000000000000e+03 2.132408729350549578e-06 3.714315722457050686e-09
3.332000000000000000e+03 2.137285412078766735e-06 3.666061021939322929e-09
3.434000000000000000e+03 2.135962162400638674e-06 3.608729165935275034e-09
3.536000000000000000e+03 2.132101246887625262e-06 3.531671165350929085e-09
3.639000000000000000e+03 2.134823384167552005e-06 3.503284003297386309e-09
3.741000000000000000e+03 2.130232712327760274e-06 3.447591573105349599e-09
3.843000000000000000e+03 2.136116692846111545e-06 3.410747493124878478e-09
3.945000000000000000e+03 2.129434515655590210e-06 3.356832103688338510e-09
4.048000000000000000e+03 2.130209821162401945e-06 3.298434405811654258e-09
4.150000000000000000e+03 2.128039708704731242e-06 3.270221681926666128e-09
4.252000000000000000e+03 2.120403879163462798e-06 3.219542680874367312e-09
4.354000000000000000e+03 2.120959568659570133e-06 3.181346552536960991e-09
4.456000000000000000e+03 2.108595627422724856e-06 3.112445455014760272e-09
4.559000000000000000e+03 2.104094729098325006e-06 3.084700590773438946e-09
4.661000000000000000e+03 2.090681320899704157e-06 3.031886941349157612e-09
4.763000000000000000e+03 2.083274668042268676e-06 2.988267537301036905e-09
4.865000000000000000e+03 2.077738239620404557e-06 2.949076133560101647e-09
4.968000000000000000e+03 2.063579842202677583e-06 2.884663252526064882e-09
5.070000000000000000e+03 2.054954611682032212e-06 2.857288581768268593e-09
5.172000000000000000e+03 2.045236164688428381e-06 2.815408596022653676e-09
5.274000000000000000e+03 2.032826758739703832e-06 2.771130346570288149e-09
5.376000000000000000e+03 2.029204235953383647e-06 2.740083215586606571e-09
5.478000000000000000e+03 2.019117997386062190e-06 2.687268497206917029e-09
5.581000000000000000e+03 2.009808839838188010e-06 2.663643662244633468e-09
5.683000000000000000e+03 1.998339613359865347e-06 2.624389326277425426e-09
5.785000000000000000e+03 1.991694483648543401e-06 2.592081001930897129e-09
5.888000000000000000e+03 1.982383970527118710e-06 2.545755972919410043e-09
5.990000000000000000e+03 1.971729080782469276e-06 2.522542938804094658e-09
6.092000000000000000e+03 1.981430300410989708e-06 2.512299724777843705e-09
