6.100000000000000000e+01 4.196991831485681408e-06 5.274201741435512295e-08
1.630000000000000000e+02 3.302178552654835700e-06 2.559131984955371708e-08
2.660000000000000000e+02 2.894621686409630947e-06 1.746650626778008756e-08
3.680000000000000000e+02 2.633727001369158862e-06 1.356573901067884218e-08
4.700000000000000000e+02 2.493973610138397934e-06 1.137014064540827698e-08
5.720000000000000000e+02 2.405259287429053409e-06 9.951414290290908617e-09
6.740000000000000000e+02 2.355644772027826450e-06 8.923747117042799029e-09
7.770000000000000000e+02 2.316736314848420388e-06 8.224299553217259522e-09
8.790000000000000000e+02 2.290084035708863770e-06 7.641866873088676809e-09
9.810000000000000000e+02 2.258095452785077195e-06 7.134938252102246474e-09
1.083000000000000000e+03 2.243610537455353054e-06 6.745991495578339381e-09
1.186000000000000000e+03 2.229692701266552064e-06 6.376406544232359147e-09
1.288000000000000000e+03 2.233416107831382065e-06 6.160704353283920035e-09
1.390000000000000000e+03 2.224265129526565718e-06 5.905126838716392544e-09
1.492000000000000000e+03 2.206432816086595768e-06 5.652513529482479582e-09
1.594000000000000000e+03 2.205014809582983023e-06 5.462384157072186191e-09
1.696000000000000000e+03 2.194525197050525243e-06 5.249607252686147012e-09
1.799000000000000000e+03 2.187708695813251286e-06 5.106501274985680768e-09
1.901000000000000000e+03 2.182968340437739036e-06 4.953975420420433734e-09
2.003000000000000000e+03 2.176082083149421827e-06 4.812261351554529730e-09
2.106000000000000000e+03 2.175946737462603889e-06 4.672259271193567039e-09
2.208000000000000000e+03 2.170136891680545525e-06 4.570679675921583509e-09
2.310000000000000000e+03 2.175421880627151795e-06 4.481004810895707002e-09
2.412000000000000000e+03 2.177369603104908482e-06 4.388653739918385657e-09
2.514000000000000000e+03 2.162381308525498603e-06 4.268643586915855352e-09
2.616000000000000000e+03 2.165594365342964762e-06 4.168646754300778223e-09
2.719000000000000000e+03 2.165869138182067986e-06 4.111554613461011359e-09
2.821000000000000000e+03 2.163735466776768006e-06 4.033209021466437940e-09
2.923000000000000000e+03 2.161014656252825730e-06 3.956148239891420395e-09
3.025000000000000000e+03 2.157536486842400200e-06 3.883812472014706426e-09
3.128000000000000000e+03 2.156178187681281692e-06 3.798074469845431122e-09
3.230000000000000000e+03 2.162875775452166068e-06 3.767657394118825454e-09
3.332000000000000000e+03 2.156593660834438949e-06 3.697745589703739448e-09
3.434000000000000000e+03 2.161173354220755274e-06 3.650257655214821043e-09
3.536000000000000000e+03 2.153776065696924230e-06 3.569096623215882436e-09
3.639000000000000000e+03 2.152038585457578204e-06 3.531214989027428279e-09
3.741000000000000000e+03 2.152164336796113272e-06 3.483433801125640826e-09
3.843000000000000000e+03 2.152465391850787064e-06 3.437301447259466421e-09
3.945000000000000000e+03 2.152515552728119493e-06 3.392832538688020722e-09
4.048000000000000000e+03 2.146496437159923000e-06 3.323550884140507519e-09
4.150000000000000000e+03 2.146130089925451118e-06 3.298538385765958295e-09
4.252000000000000000e+03 2.138713650236888987e-06 3.247165388438515033e-09
4.354000000000000000e+03 2.133852498743677426e-06 3.200619326456823721e-09
4.456000000000000000e+03 2.129259636707326509e-06 3.142513135178805578e-09
4.559000000000000000e+03 2.126040308060247498e-06 3.116745065342038619e-09
4.661000000000000000e+03 2.110556984001375144e-06 3.060493654712114979e-09
4.763000000000000000e+03 2.101804378905011016e-06 3.015682881604585715e-09
4.865000000000000000e+03 2.086670498455325304e-06 2.961562649486372408e-09
4.968000000000000000e+03 2.075268050410219109e-06 2.901159823565422199e-09
5.070000000000000000e+03 2.067174994761947228e-06 2.873915345976682944e-09
5.172000000000000000e+03 2.063311642276699292e-06 2.840088523592138398e-09
5.274000000000000000e+03 2.051083511476760698e-06 2.796458157073111308e-09
5.376000000000000000e+03 2.044621830886550920e-06 2.760928758176188506e-09
5.478000000000000000e+03 2.039634290928927062e-06 2.714238508412557798e-09
5.581000000000000000e+03 2.024137192226251867e-06 2.682652450318543109e-09
5.683000000000000000e+03 2.018601628646299704e-06 2.650943167415921894e-09
5.785000000000000000e+03 2.007677769288901758e-06 2.613811450841507526e-09
5.888000000000000000e+03 2.002418923053727529e-06 2.570813152709033782e-09
5.990000000000000000e+03 1.996841795072281747e-06 2.554379691223002756e-09
6.092000000000000000e+03 1.996814069495485675e-06 2.532130653600251734e-09
