6.100000000000000000e+01 2.097303657950530471e-06 2.624346348367592412e-08
1.630000000000000000e+02 2.139116213819841317e-06 1.649513035055281224e-08
2.660000000000000000e+02 2.096608585037245396e-06 1.265502586125447446e-08
3.680000000000000000e+02 2.128555030891601671e-06 1.096323433953910147e-08
4.700000000000000000e+02 2.116353922369817240e-06 9.657920257255956945e-09
5.720000000000000000e+02 2.118286110484013600e-06 8.756926405445808045e-09
6.740000000000000000e+02 2.128421372026681376e-06 8.062809487353496633e-09
7.770000000000000000e+02 2.106584002966089430e-06 7.475944220302675638e-09
8.790000000000000000e+02 2.111133836919285623e-06 7.046748571867314665e-09
9.810000000000000000e+02 2.115247300582622446e-06 6.681859488969981389e-09
1.083000000000000000e+03 2.118263757263983999e-06 6.363101761966777893e-09
1.186000000000000000e+03 2.116788215340311078e-06 6.056542072844632119e-09
1.288000000000000000e+03 2.116056145411064245e-06 5.833223788255301939e-09
1.390000000000000000e+03 2.119285261282463870e-06 5.627728993404239283e-09
1.492000000000000000e+03 2.121737502810957639e-06 5.436687457302399855e-09
1.594000000000000000e+03 2.122824554414078146e-06 5.263121525411792004e-09
1.696000000000000000e+03 2.124270899207517283e-06 5.077661751208216150e-09
1.799000000000000000e+03 2.110332924162352013e-06 4.924938729229124830e-09
1.901000000000000000e+03 2.122022713849259678e-06 4.817854075858649790e-09
2.003000000000000000e+03 2.121728295447158636e-06 4.691550971200774643e-09
2.106000000000000000e+03 2.121476252250989598e-06 4.557066333698954675e-09
2.208000000000000000e+03 2.119158291574237913e-06 4.462004166057568551e-09
2.310000000000000000e+03 2.121437822475953647e-06 4.370011713567591782e-09
2.412000000000000000e+03 2.117643565483348568e-06 4.267854890011877454e-09
2.514000000000000000e+03 2.124591477446332424e-06 4.192731744007680713e-09
2.616000000000000000e+03 2.121791033204755535e-06 4.086649782515605134e-09
2.719000000000000000e+03 2.119381624867067637e-06 4.023508087455947985e-09
2.821000000000000000e+03 2.126929985331040116e-06 3.964197717840252718e-09
2.923000000000000000e+03 2.117451213476088002e-06 3.876489439514809879e-09
3.025000000000000000e+03 2.117123275080550573e-06 3.812595116396910049e-09
3.128000000000000000e+03 2.118533603648694411e-06 3.730564446845091537e-09
3.230000000000000000e+03 2.123335729398425212e-06 3.697608234604427455e-09
3.332000000000000000e+03 2.119026141588473408e-06 3.634281025212439319e-09
3.434000000000000000e+03 2.124775258459713794e-06 3.589568302783619428e-09
3.536000000000000000e+03 2.116712951175580683e-06 3.506489851847956964e-09
3.639000000000000000e+03 2.121612940472014696e-06 3.480889683245994225e-09
3.741000000000000000e+03 2.123760152222935871e-06 3.437621073359086557e-09
3.843000000000000000e+03 2.119727900065904452e-06 3.385162357596858434e-09
3.945000000000000000e+03 2.117307413346559862e-06 3.337632761307678325e-09
4.048000000000000000e+03 2.120347456022371451e-06 3.282242666707631875e-09
4.150000000000000000e+03 2.110362627157895206e-06 3.243680419468061986e-09
4.252000000000000000e+03 2.112968338533921349e-06 3.208868267468678279e-09
4.354000000000000000e+03 2.110437918928574541e-06 3.165213938688783326e-09
4.456000000000000000e+03 2.107194827242455873e-06 3.110184372600637580e-09
4.559000000000000000e+03 2.090163484487276464e-06 3.064572407480951394e-09
4.661000000000000000e+03 2.088640639007160746e-06 3.027956693570397206e-09
4.763000000000000000e+03 2.079120612491979124e-06 2.983040530436665081e-09
4.865000000000000000e+03 2.071884082898298431e-06 2.940728443240028116e-09
4.968000000000000000e+03 2.062199121687840322e-06 2.882922578639952246e-09
5.070000000000000000e+03 2.053338553744712089e-06 2.855444379328112090e-09
5.172000000000000000e+03 2.041054486182492504e-06 2.809338890803801136e-09
5.274000000000000000e+03 2.027075903593570598e-06 2.763189450778048647e-09
5.376000000000000000e+03 2.015959247710395021e-06 2.721890153196587409e-09
5.478000000000000000e+03 2.014758902699190080e-06 2.682079236149137413e-09
5.581000000000000000e+03 2.000453806625781256e-06 2.651054680897774712e-09
5.683000000000000000e+03 1.991835194662296448e-06 2.616105890588003064e-09
5.785000000000000000e+03 1.983566325223516407e-06 2.581415745355089542e-09
5.888000000000000000e+03 1.985151613242004711e-06 2.549124793976242749e-09
5.990000000000000000e+03 1.972712494889022893e-06 2.523180016795771609e-09
6.092000000000000000e+03 1.974616544596383609e-06 2.504248638747413687e-09
