6.100000000000000000e+01 2.104283696958383112e-06 2.628636486826137118e-08
1.630000000000000000e+02 2.122318427944803446e-06 1.637451435478093115e-08
2.660000000000000000e+02 2.113066022233086027e-06 1.275408783785902046e-08
3.680000000000000000e+02 2.115459562952205181e-06 1.089906801572871430e-08
4.700000000000000000e+02 2.133920555866057454e-06 9.720336887402261165e-09
5.720000000000000000e+02 2.114564965236056556e-06 8.745961812500249620e-09
6.740000000000000000e+02 2.115012068389000961e-06 8.013168808465779544e-09
7.770000000000000000e+02 2.117330910475303367e-06 7.517012873956593511e-09
8.790000000000000000e+02 2.110896473641556942e-06 7.046010882352025560e-09
9.810000000000000000e+02 2.114847242688161028e-06 6.679750575076037330e-09
1.083000000000000000e+03 2.108142361682113956e-06 6.336897628949055343e-09
1.186000000000000000e+03 2.112113481097835858e-06 6.042690445969788787e-09
1.288000000000000000e+03 2.123007742059032867e-06 5.854030225517277362e-09
1.390000000000000000e+03 2.111617945678601308e-06 5.605636596057571838e-09
1.492000000000000000e+03 2.115235658297724940e-06 5.420167396419147027e-09
1.594000000000000000e+03 2.116938734957756792e-06 5.244375818943822738e-09
1.696000000000000000e+03 2.122215092837922146e-06 5.075410537981194866e-09
1.799000000000000000e+03 2.116620130850691447e-06 4.939022161936092197e-09
1.901000000000000000e+03 2.104000560166924796e-06 4.777686033578389293e-09
2.003000000000000000e+03 2.111068627081173509e-06 4.667671992484287090e-09
2.106000000000000000e+03 2.123062151046236221e-06 4.556323768465636916e-09
2.208000000000000000e+03 2.116940475577339753e-06 4.460182879714272591e-09
2.310000000000000000e+03 2.111744990172259798e-06 4.348143709377315417e-09
2.412000000000000000e+03 2.125167025632096774e-06 4.284479106038379798e-09
2.514000000000000000e+03 2.122818179879014170e-06 4.190163593564139280e-09
2.616000000000000000e+03 2.118699716691171224e-06 4.080324574853644907e-09
2.719000000000000000e+03 2.121089606962585284e-06 4.025636899365990888e-09
2.821000000000000000e+03 2.120264520557768542e-06 3.952118738780870161e-09
2.923000000000000000e+03 2.117535858757085146e-06 3.876263954795756649e-09
3.025000000000000000e+03 2.120141557033125038e-06 3.815723112103601497e-09
3.128000000000000000e+03 2.119130903521678425e-06 3.733317680455886628e-09
3.230000000000000000e+03 2.118398143520791488e-06 3.690303300145023562e-09
3.332000000000000000e+03 2.114254329935938852e-06 3.625228730874011267e-09
3.434000000000000000e+03 2.120878868504517275e-06 3.582551830433789524e-09
3.536000000000000000e+03 2.117870475265768261e-06 3.508991045853709846e-09
3.639000000000000000e+03 2.117798056227002726e-06 3.474813706631464638e-09
3.741000000000000000e+03 2.117460682877263496e-06 3.427576047465056053e-09
3.843000000000000000e+03 2.122363212020064264e-06 3.388881377763024793e-09
3.945000000000000000e+03 2.120483841014817151e-06 3.342035071502610320e-09
4.048000000000000000e+03 2.116244259446404886e-06 3.277615059292543458e-09
4.150000000000000000e+03 2.112377539133485867e-06 3.246262497939752298e-09
4.252000000000000000e+03 2.114897267313373184e-06 3.209964306517696093e-09
4.354000000000000000e+03 2.114280166903645318e-06 3.172288494873375221e-09
4.456000000000000000e+03 2.100200124566832595e-06 3.099155716983154265e-09
4.559000000000000000e+03 2.096011850353371055e-06 3.073151158318595427e-09
4.661000000000000000e+03 2.088537940975528671e-06 3.028952084533877161e-09
4.763000000000000000e+03 2.072363794826810467e-06 2.973107092355725129e-09
4.865000000000000000e+03 2.069472113413828326e-06 2.936943966859121696e-09
4.968000000000000000e+03 2.054668454249436927e-06 2.872638482391424614e-09
5.070000000000000000e+03 2.047935950754920317e-06 2.846901241122355779e-09
5.172000000000000000e+03 2.034534249780150169e-06 2.800878065527521525e-09
5.274000000000000000e+03 2.030379709727502255e-06 2.768313293390399817e-09
5.376000000000000000e+03 2.026556673267893292e-06 2.735636157453835640e-09
5.478000000000000000e+03 2.012245233444084606e-06 2.678779442297745319e-09
5.581000000000000000e+03 2.006802984410856953e-06 2.659361657691859784e-09
5.683000000000000000e+03 1.997367038359222226e-06 2.622923008037554367e-09
5.785000000000000000e+03 1.989987873223692038e-06 2.591080391249391785e-09
5.888000000000000000e+03 1.979513735398939619e-06 2.541645501468013583e-09
5.990000000000000000e+03 1.970789886056484171e-06 2.521194049176590199e-09
6.092000000000000000e+03 1.978066778576265037e-06 2.508125190170943056e-09
