6.100000000000000000e+01 3.831670733233739966e-05 4.803648574222684611e-07
1.630000000000000000e+02 3.541483547193159030e-05 2.738582689152639482e-07
2.660000000000000000e+02 3.400551978174179462e-05 2.050171457193152667e-07
3.680000000000000000e+02 3.349466886807172318e-05 1.724954342181398060e-07
4.700000000000000000e+02 3.332121946890311529e-05 1.519424268616742907e-07
5.720000000000000000e+02 3.318238114108298405e-05 1.371406193690990715e-07
6.740000000000000000e+02 3.305055624527439333e-05 1.252138881822369576e-07
7.770000000000000000e+02 3.289964171550711257e-05 1.168340440333865183e-07
8.790000000000000000e+02 3.295100301233775823e-05 1.099491676514698457e-07
9.810000000000000000e+02 3.306092608780323032e-05 1.044370877345793530e-07
1.083000000000000000e+03 3.273482957945864400e-05 9.842626401352071262e-08
1.186000000000000000e+03 3.281786960381974708e-05 9.388009057303498074e-08
1.288000000000000000e+03 3.289550092233627392e-05 9.069423594513022524e-08
1.390000000000000000e+03 3.291027195079798288e-05 8.734936925546394445e-08
1.492000000000000000e+03 3.279039062375563459e-05 8.399397349517577752e-08
1.594000000000000000e+03 3.277470836204034529e-05 8.122599021521246927e-08
1.696000000000000000e+03 3.286391868800936031e-05 7.859477301314595840e-08
1.799000000000000000e+03 3.286647453576074991e-05 7.670987671935378508e-08
1.901000000000000000e+03 3.265404925837753105e-05 7.412699171802230510e-08
2.003000000000000000e+03 3.265428285179056275e-05 7.217966752315786757e-08
2.106000000000000000e+03 3.269560264339957715e-05 7.019764473712492656e-08
2.208000000000000000e+03 3.277241122665857119e-05 6.904197542780969229e-08
2.310000000000000000e+03 3.267972859181818800e-05 6.730412953503287071e-08
2.412000000000000000e+03 3.274760066702514890e-05 6.599265535046400453e-08
2.514000000000000000e+03 3.279451324513901387e-05 6.474892960461990004e-08
2.616000000000000000e+03 3.272107747380979137e-05 6.301510118571887690e-08
2.719000000000000000e+03 3.274825118367812439e-05 6.215642887327371856e-08
2.821000000000000000e+03 3.273589323371984985e-05 6.103209155008941367e-08
2.923000000000000000e+03 3.273228600249617225e-05 5.993406035700191952e-08
3.025000000000000000e+03 3.262938159828414911e-05 5.872458822514729897e-08
3.128000000000000000e+03 3.277374238497720216e-05 5.772972058316154920e-08
3.230000000000000000e+03 3.276946967546166730e-05 5.708378084058685398e-08
3.332000000000000000e+03 3.263312298501001109e-05 5.595159924346897147e-08
3.434000000000000000e+03 3.270858180842697638e-05 5.525167943136059854e-08
3.536000000000000000e+03 3.273067895961589914e-05 5.422724944404470398e-08
3.639000000000000000e+03 3.264936371466041866e-05 5.357602203080594955e-08
3.741000000000000000e+03 3.274723084617198827e-05 5.300416246995036456e-08
3.843000000000000000e+03 3.266808513275213191e-05 5.217558696940061799e-08
3.945000000000000000e+03 3.270346338878952038e-05 5.153330647971612423e-08
4.048000000000000000e+03 3.266438002514935397e-05 5.057671638841800147e-08
4.150000000000000000e+03 3.257017535794130408e-05 5.006798553314961617e-08
4.252000000000000000e+03 3.251045411252161246e-05 4.935387529603352475e-08
4.354000000000000000e+03 3.263845508898575055e-05 4.896016491418230703e-08
4.456000000000000000e+03 3.237156364923431383e-05 4.777357031217907168e-08
4.559000000000000000e+03 3.228347860265605776e-05 4.733863775250249341e-08
4.661000000000000000e+03 3.213930909883459987e-05 4.660344879676933157e-08
4.763000000000000000e+03 3.209800835808341413e-05 4.604438603803239726e-08
4.865000000000000000e+03 3.190287246758742763e-05 4.528646685581908996e-08
4.968000000000000000e+03 3.178933654381127543e-05 4.443956777350055846e-08
5.070000000000000000e+03 3.160154256462855137e-05 4.393735322946409241e-08
5.172000000000000000e+03 3.155125901110783943e-05 4.343435226918626006e-08
5.274000000000000000e+03 3.131985482030056602e-05 4.269596950682385211e-08
5.376000000000000000e+03 3.124187396115628746e-05 4.218962939448355260e-08
5.478000000000000000e+03 3.109110232797277331e-05 4.137743028366662105e-08
5.581000000000000000e+03 3.097635505536682426e-05 4.105120881738126349e-08
5.683000000000000000e+03 3.078871663478417259e-05 4.042827392366756571e-08
5.785000000000000000e+03 3.058168990442420893e-05 3.981882347150236634e-08
5.888000000000000000e+03 3.057105265201631473e-05 3.925077688272019228e-08
5.990000000000000000e+03 3.047156500962834111e-05 3.897609798920572567e-08
6.092000000000000000e+03 3.052570625509013293e-05 3.871363037127689413e-08
