6.100000000000000000e+01 3.848454857038323027e-05 4.834654459985200464e-07
1.630000000000000000e+02 3.526248708497377711e-05 2.725270148020312914e-07
2.660000000000000000e+02 3.446739453856703943e-05 2.076201415503146961e-07
3.680000000000000000e+02 3.314897718394197400e-05 1.708984637803088646e-07
4.700000000000000000e+02 3.332224731879656330e-05 1.519067079053263710e-07
5.720000000000000000e+02 3.309020580378605798e-05 1.367656523535753784e-07
6.740000000000000000e+02 3.320389875037303392e-05 1.258769975044496232e-07
7.770000000000000000e+02 3.295527025438173160e-05 1.169821925816642911e-07
8.790000000000000000e+02 3.324194756177269416e-05 1.108399637902166804e-07
9.810000000000000000e+02 3.292597479595011652e-05 1.040387386480880544e-07
1.083000000000000000e+03 3.298556742351273430e-05 9.914742604610404748e-08
1.186000000000000000e+03 3.288496634121303473e-05 9.408572521676305795e-08
1.288000000000000000e+03 3.295337694505149452e-05 9.089086652746032693e-08
1.390000000000000000e+03 3.289309939574740221e-05 8.725446163940885297e-08
1.492000000000000000e+03 3.292276655082058869e-05 8.434794463733428825e-08
1.594000000000000000e+03 3.277092190758786023e-05 8.124501714196297942e-08
1.696000000000000000e+03 3.294369073407249146e-05 7.876134958481977190e-08
1.799000000000000000e+03 3.294401265306740441e-05 7.687625301294693587e-08
1.901000000000000000e+03 3.300415522047920854e-05 7.492519387436449310e-08
2.003000000000000000e+03 3.282609766967664101e-05 7.260633447025277617e-08
2.106000000000000000e+03 3.286267355481525994e-05 7.052689242992496491e-08
2.208000000000000000e+03 3.280594245174750441e-05 6.910952197387828603e-08
2.310000000000000000e+03 3.281396899854074835e-05 6.758663090410053756e-08
2.412000000000000000e+03 3.286059640355988018e-05 6.622293259900322601e-08
2.514000000000000000e+03 3.281339875184383981e-05 6.479206625142910757e-08
2.616000000000000000e+03 3.290871214364490062e-05 6.338170335444269635e-08
2.719000000000000000e+03 3.281087960069035904e-05 6.228586415370768313e-08
2.821000000000000000e+03 3.278641271293139021e-05 6.110349845221664438e-08
2.923000000000000000e+03 3.284686469318332446e-05 6.013839772212092216e-08
3.025000000000000000e+03 3.285148993200764358e-05 5.912050050998887266e-08
3.128000000000000000e+03 3.280353109261718121e-05 5.779741817023054627e-08
3.230000000000000000e+03 3.286558642504140492e-05 5.723351103058276758e-08
3.332000000000000000e+03 3.284570659439549708e-05 5.633738048963847824e-08
3.434000000000000000e+03 3.272278274237960945e-05 5.526912923267153476e-08
3.536000000000000000e+03 3.275617451691781291e-05 5.426688595084963164e-08
3.639000000000000000e+03 3.292030142703590226e-05 5.402356985643517788e-08
3.741000000000000000e+03 3.279751778721706496e-05 5.306921717161157168e-08
3.843000000000000000e+03 3.283739737260210601e-05 5.243824668414880443e-08
3.945000000000000000e+03 3.288704360434928988e-05 5.183745554353614436e-08
4.048000000000000000e+03 3.278788761103175611e-05 5.077978934758839159e-08
4.150000000000000000e+03 3.271726180757363885e-05 5.027218004276604458e-08
4.252000000000000000e+03 3.274278398636866884e-05 4.971008197718957423e-08
4.354000000000000000e+03 3.260269159191882162e-05 4.890706192663648694e-08
4.456000000000000000e+03 3.256353438524272123e-05 4.805808111592006065e-08
4.559000000000000000e+03 3.244307182854182003e-05 4.757088895525237829e-08
4.661000000000000000e+03 3.228110729702166846e-05 4.681447563178962057e-08
4.763000000000000000e+03 3.214804574331057898e-05 4.611215238545974493e-08
4.865000000000000000e+03 3.201735915228405961e-05 4.544941575858334704e-08
4.968000000000000000e+03 3.191498814299282487e-05 4.460377535058672973e-08
5.070000000000000000e+03 3.177891277409545628e-05 4.418981676426413835e-08
5.172000000000000000e+03 3.156149340699725099e-05 4.344780589880808139e-08
5.274000000000000000e+03 3.148358257085071465e-05 4.292452445825412465e-08
5.376000000000000000e+03 3.130583590475613867e-05 4.226880364541192754e-08
5.478000000000000000e+03 3.114089873460728719e-05 4.144844074107309232e-08
5.581000000000000000e+03 3.103360448429371484e-05 4.113426012003841209e-08
5.683000000000000000e+03 3.089406090357925080e-05 4.056952720216156205e-08
5.785000000000000000e+03 3.078689240571466651e-05 4.006846312177390727e-08
5.888000000000000000e+03 3.063465425876096999e-05 3.934842037717036206e-08
5.990000000000000000e+03 3.056420188115917686e-05 3.908783537252974494e-08
6.092000000000000000e+03 3.066104095953884430e-05 3.887797513247255267e-08
