6.100000000000000000e+01 3.841809663583828523e-05 4.815127818845289301e-07
1.630000000000000000e+02 3.539921260643082385e-05 2.729698770980345004e-07
2.660000000000000000e+02 3.416141626095116433e-05 2.060680606262680721e-07
3.680000000000000000e+02 3.369483445334934098e-05 1.733771115824943772e-07
4.700000000000000000e+02 3.355247947642882978e-05 1.530571676562169274e-07
5.720000000000000000e+02 3.304160298342303712e-05 1.365553247469939406e-07
6.740000000000000000e+02 3.319652068466283102e-05 1.257931788246416353e-07
7.770000000000000000e+02 3.303259801338918601e-05 1.172855282123456051e-07
8.790000000000000000e+02 3.291564543429091247e-05 1.098762790499780974e-07
9.810000000000000000e+02 3.290068345090962936e-05 1.038838943549877544e-07
1.083000000000000000e+03 3.292578790425523398e-05 9.899098727520179399e-08
1.186000000000000000e+03 3.288325758422292318e-05 9.406429217186657317e-08
1.288000000000000000e+03 3.290726328421908785e-05 9.071944783315071266e-08
1.390000000000000000e+03 3.279029526772053450e-05 8.703792995279870431e-08
1.492000000000000000e+03 3.300685252645847419e-05 8.454356074295831135e-08
1.594000000000000000e+03 3.292907415214661103e-05 8.166057294070192858e-08
1.696000000000000000e+03 3.283609751051785078e-05 7.851169856075949976e-08
1.799000000000000000e+03 3.292921403545272805e-05 7.683207595133142621e-08
1.901000000000000000e+03 3.278176455302552763e-05 7.441420045815193346e-08
2.003000000000000000e+03 3.277823325321486947e-05 7.248280046420510783e-08
2.106000000000000000e+03 3.273905221000201397e-05 7.028031203358457664e-08
2.208000000000000000e+03 3.283968392807185227e-05 6.915347891289056366e-08
2.310000000000000000e+03 3.291578857153059008e-05 6.779569190084185127e-08
2.412000000000000000e+03 3.278978405114290603e-05 6.609036950221678634e-08
2.514000000000000000e+03 3.272817651466455456e-05 6.460266919777094673e-08
2.616000000000000000e+03 3.283710471763173950e-05 6.324672224182476436e-08
2.719000000000000000e+03 3.274368366288218717e-05 6.215084970160973172e-08
2.821000000000000000e+03 3.279868912991444212e-05 6.111814939010812067e-08
2.923000000000000000e+03 3.290346154969677725e-05 6.026324872749316074e-08
3.025000000000000000e+03 3.279310696915508716e-05 5.901683060382254117e-08
3.128000000000000000e+03 3.277154202872405728e-05 5.771157013353010147e-08
3.230000000000000000e+03 3.270269112522384305e-05 5.697494551189107846e-08
3.332000000000000000e+03 3.270547547719708379e-05 5.609409250060322371e-08
3.434000000000000000e+03 3.265077104868656935e-05 5.515773197934501944e-08
3.536000000000000000e+03 3.277673256534955378e-05 5.428926819197815470e-08
3.639000000000000000e+03 3.274034583800953781e-05 5.373019301341193691e-08
3.741000000000000000e+03 3.273005959455439577e-05 5.299263245509810230e-08
3.843000000000000000e+03 3.272103625332706896e-05 5.222699260654237929e-08
3.945000000000000000e+03 3.275744258982049052e-05 5.163981878006754094e-08
4.048000000000000000e+03 3.276819585666401893e-05 5.074799894887849962e-08
4.150000000000000000e+03 3.267736630221875372e-05 5.021060932466699070e-08
4.252000000000000000e+03 3.265740690655235986e-05 4.958214112530144707e-08
4.354000000000000000e+03 3.257757190718452980e-05 4.888321060380169497e-08
4.456000000000000000e+03 3.240682789529960526e-05 4.781480881081409638e-08
4.559000000000000000e+03 3.232014401921099470e-05 4.739287647494131933e-08
4.661000000000000000e+03 3.222996553032843179e-05 4.674099694129519425e-08
4.763000000000000000e+03 3.211443952982990857e-05 4.606630730374511388e-08
4.865000000000000000e+03 3.191548595170261299e-05 4.529098481938286023e-08
4.968000000000000000e+03 3.182765950115641623e-05 4.449313547881930782e-08
5.070000000000000000e+03 3.159109129519089930e-05 4.392816039769539493e-08
5.172000000000000000e+03 3.144928734736096956e-05 4.329612492284452605e-08
5.274000000000000000e+03 3.133560459818904276e-05 4.271931578850273707e-08
5.376000000000000000e+03 3.118087925910614609e-05 4.210455235462224315e-08
5.478000000000000000e+03 3.107556323845521424e-05 4.135388814074006791e-08
5.581000000000000000e+03 3.092506894777327149e-05 4.099196820651420665e-08
5.683000000000000000e+03 3.074627478959429081e-05 4.037802587425407554e-08
5.785000000000000000e+03 3.072685215437665477e-05 3.999456743678605811e-08
5.888000000000000000e+03 3.059042433541177584e-05 3.927837591042188192e-08
5.990000000000000000e+03 3.049694379066912893e-05 3.901271689795533270e-08
6.092000000000000000e+03 3.060295886740582098e-05 3.880331574770186794e-08
