6.100000000000000000e+01 3.819953728511557296e-05 4.812750801350329062e-07
1.630000000000000000e+02 3.546142069005392395e-05 2.739355534439911047e-07
2.660000000000000000e+02 3.376384401611577478e-05 2.034399351149994428e-07
3.680000000000000000e+02 3.328216184177523545e-05 1.715477151026206559e-07
4.700000000000000000e+02 3.324766150026152466e-05 1.515178422894463814e-07
5.720000000000000000e+02 3.304739369744468474e-05 1.365900235194644334e-07
6.740000000000000000e+02 3.295899875162732541e-05 1.248995200786753245e-07
7.770000000000000000e+02 3.296807936393268928e-05 1.169988405952173871e-07
8.790000000000000000e+02 3.297706193236045078e-05 1.100830375148582789e-07
9.810000000000000000e+02 3.314619544367266365e-05 1.046736120787890164e-07
1.083000000000000000e+03 3.274623283740497025e-05 9.851841493234580338e-08
1.186000000000000000e+03 3.264795090622224050e-05 9.337583719795921593e-08
1.288000000000000000e+03 3.269753629641428919e-05 9.013877730131589960e-08
1.390000000000000000e+03 3.283410493248011534e-05 8.717839554246771091e-08
1.492000000000000000e+03 3.269975940813836963e-05 8.374790037745556091e-08
1.594000000000000000e+03 3.277003476196880904e-05 8.124981903695213807e-08
1.696000000000000000e+03 3.274802125699124256e-05 7.830619847711543818e-08
1.799000000000000000e+03 3.263088695149031878e-05 7.613326957612385260e-08
1.901000000000000000e+03 3.276973503426686162e-05 7.440680279102221425e-08
2.003000000000000000e+03 3.269433392222675889e-05 7.229191871809705279e-08
2.106000000000000000e+03 3.278025314508932383e-05 7.039344028184025565e-08
2.208000000000000000e+03 3.272247565600068726e-05 6.891863296879990078e-08
2.310000000000000000e+03 3.269594938364323841e-05 6.732851337752251893e-08
2.412000000000000000e+03 3.274269794598507686e-05 6.599494950347094759e-08
2.514000000000000000e+03 3.278628046755234786e-05 6.471880419825004895e-08
2.616000000000000000e+03 3.277539995612279680e-05 6.312245737469204313e-08
2.719000000000000000e+03 3.263145352020268143e-05 6.194002372087741005e-08
2.821000000000000000e+03 3.263952300141355676e-05 6.084264003857783963e-08
2.923000000000000000e+03 3.268610955424952071e-05 5.983194306363847972e-08
3.025000000000000000e+03 3.271231429406387957e-05 5.890034093995903983e-08
3.128000000000000000e+03 3.268759727574050393e-05 5.756401258888445202e-08
3.230000000000000000e+03 3.268879261308675280e-05 5.693824238544477895e-08
3.332000000000000000e+03 3.277830609204112147e-05 5.621306320809577097e-08
3.434000000000000000e+03 3.268016725284395176e-05 5.521605429979994671e-08
3.536000000000000000e+03 3.276090550849956743e-05 5.426885151618420400e-08
3.639000000000000000e+03 3.265207339022226964e-05 5.358528364807946693e-08
3.741000000000000000e+03 3.266891728686441927e-05 5.286739889861603018e-08
3.843000000000000000e+03 3.266286823725067024e-05 5.214686439560824019e-08
3.945000000000000000e+03 3.261588541862321802e-05 5.142466380852297880e-08
4.048000000000000000e+03 3.266568268323829540e-05 5.058479226720106213e-08
4.150000000000000000e+03 3.258802323927964165e-05 5.007187808960562442e-08
4.252000000000000000e+03 3.254039932548801058e-05 4.939941837266692064e-08
4.354000000000000000e+03 3.251265981512951815e-05 4.878644659858154836e-08
4.456000000000000000e+03 3.242980478610343133e-05 4.785785404237279398e-08
4.559000000000000000e+03 3.234615823863145196e-05 4.743029597790287274e-08
4.661000000000000000e+03 3.214405325545851059e-05 4.661067148227985811e-08
4.763000000000000000e+03 3.196657726131187018e-05 4.585732091707003959e-08
4.865000000000000000e+03 3.189883559462478209e-05 4.527882920713147791e-08
4.968000000000000000e+03 3.172012130615112653e-05 4.433795423722058481e-08
5.070000000000000000e+03 3.161374986791046552e-05 4.396622866567463488e-08
5.172000000000000000e+03 3.149482564902612478e-05 4.334203490390973018e-08
5.274000000000000000e+03 3.126532742911782204e-05 4.262764774734317098e-08
5.376000000000000000e+03 3.112606292128743606e-05 4.203937362476287264e-08
5.478000000000000000e+03 3.094384224204456559e-05 4.117843684998879434e-08
5.581000000000000000e+03 3.087450319230282392e-05 4.091653529043055344e-08
5.683000000000000000e+03 3.072930991221512289e-05 4.036345982865555459e-08
5.785000000000000000e+03 3.064562264755284974e-05 3.989176228455140891e-08
5.888000000000000000e+03 3.051835720509155704e-05 3.917872219238289451e-08
5.990000000000000000e+03 3.039125827110980831e-05 3.888593246840779022e-08
6.092000000000000000e+03 3.037836858478402125e-05 3.851086200951758866e-08
