6.100000000000000000e+01 3.894212873501903788e-05 4.900496651888850913e-07
1.630000000000000000e+02 3.525912897116115251e-05 2.719152394742973727e-07
2.660000000000000000e+02 3.409238500876483067e-05 2.055597566937916216e-07
3.680000000000000000e+02 3.384404875338241082e-05 1.741847227915173144e-07
4.700000000000000000e+02 3.338017052390043592e-05 1.522932058933428872e-07
5.720000000000000000e+02 3.304832568427602222e-05 1.366768898342693730e-07
6.740000000000000000e+02 3.295014894945877279e-05 1.248491088460516627e-07
7.770000000000000000e+02 3.314931571477709981e-05 1.176109152015379533e-07
8.790000000000000000e+02 3.308961760725646206e-05 1.104527288061595403e-07
9.810000000000000000e+02 3.287266213058013457e-05 1.038366867920114252e-07
1.083000000000000000e+03 3.307789217148149693e-05 9.945542239884327246e-08
1.186000000000000000e+03 3.269712857264994509e-05 9.353012809710926238e-08
1.288000000000000000e+03 3.277002490141252207e-05 9.036351664815231673e-08
1.390000000000000000e+03 3.281362536510429767e-05 8.709019351007782078e-08
1.492000000000000000e+03 3.271797185255854448e-05 8.381602683790859181e-08
1.594000000000000000e+03 3.259230041871983750e-05 8.080041389579565286e-08
1.696000000000000000e+03 3.286897648194500376e-05 7.859589591927278820e-08
1.799000000000000000e+03 3.286030171169335601e-05 7.669606654742629160e-08
1.901000000000000000e+03 3.278029878697174822e-05 7.440231999785716833e-08
2.003000000000000000e+03 3.287063446930343897e-05 7.269148329244756548e-08
2.106000000000000000e+03 3.263213825843877086e-05 7.006394195677709914e-08
2.208000000000000000e+03 3.281697484161655434e-05 6.911548381761669632e-08
2.310000000000000000e+03 3.282593979076841131e-05 6.761884917613230869e-08
2.412000000000000000e+03 3.286323318172313729e-05 6.621729899421279559e-08
2.514000000000000000e+03 3.268409617995999324e-05 6.452981560585189610e-08
2.616000000000000000e+03 3.272542012528575943e-05 6.298934603628646154e-08
2.719000000000000000e+03 3.276973732145577320e-05 6.222155811770259750e-08
2.821000000000000000e+03 3.277095492225076993e-05 6.107810224826812175e-08
2.923000000000000000e+03 3.286818113093712399e-05 6.017897874388662052e-08
3.025000000000000000e+03 3.279056919490915158e-05 5.903065826811384465e-08
3.128000000000000000e+03 3.280544812006007014e-05 5.777579724393811579e-08
3.230000000000000000e+03 3.274740743704267844e-05 5.702652598008757839e-08
3.332000000000000000e+03 3.275552227202813626e-05 5.617813163359446897e-08
3.434000000000000000e+03 3.276254182589280294e-05 5.534664401136041075e-08
3.536000000000000000e+03 3.268435341227712544e-05 5.414761371128650274e-08
3.639000000000000000e+03 3.280440789662774243e-05 5.382035671170894777e-08
3.741000000000000000e+03 3.284461829065974531e-05 5.316961581244368056e-08
3.843000000000000000e+03 3.279757626959389061e-05 5.237738926545406543e-08
3.945000000000000000e+03 3.265805903940845802e-05 5.146788597217307981e-08
4.048000000000000000e+03 3.273356248425934471e-05 5.068685375730599142e-08
4.150000000000000000e+03 3.273668715774577715e-05 5.031111550935342262e-08
4.252000000000000000e+03 3.263525959614421782e-05 4.954154298841882069e-08
4.354000000000000000e+03 3.250158492118382782e-05 4.875919281450111337e-08
4.456000000000000000e+03 3.239109063301606821e-05 4.779759374243466332e-08
4.559000000000000000e+03 3.232589658135819429e-05 4.740456019584922960e-08
4.661000000000000000e+03 3.219237388896545538e-05 4.669042613113361749e-08
4.763000000000000000e+03 3.205927951064266448e-05 4.598075219428642894e-08
4.865000000000000000e+03 3.191465646251191306e-05 4.529996501712858851e-08
4.968000000000000000e+03 3.179117581237128815e-05 4.443839953011683604e-08
5.070000000000000000e+03 3.163307555765821380e-05 4.398092684230889706e-08
5.172000000000000000e+03 3.146230040560011942e-05 4.331750914365355539e-08
5.274000000000000000e+03 3.144303468866307852e-05 4.286663252248941920e-08
5.376000000000000000e+03 3.115307785854837578e-05 4.205873974361537191e-08
5.478000000000000000e+03 3.112884331146038115e-05 4.143271245797879525e-08
5.581000000000000000e+03 3.088854810200922690e-05 4.094671614987800475e-08
5.683000000000000000e+03 3.079098650881312391e-05 4.043507196941790279e-08
5.785000000000000000e+03 3.076035117681550913e-05 4.003021066824771376e-08
5.888000000000000000e+03 3.060495943130834705e-05 3.929919074543286169e-08
5.990000000000000000e+03 3.045494872137945850e-05 3.896395731592375485e-08
6.092000000000000000e+03 3.049512257705457401e-05 3.866504817619297562e-08
