6.100000000000000000e+01 3.907519664798459288e-05 4.880556836024428675e-07
1.630000000000000000e+02 3.557981646009315694e-05 2.747304926153689171e-07
2.660000000000000000e+02 3.415733245465753823e-05 2.061392669981776942e-07
3.680000000000000000e+02 3.370115067474996101e-05 1.736080301390841382e-07
4.700000000000000000e+02 3.321965481016973858e-05 1.514959742312740683e-07
5.720000000000000000e+02 3.334571198746634615e-05 1.377535469222912933e-07
6.740000000000000000e+02 3.290141368959039191e-05 1.247144577248731982e-07
7.770000000000000000e+02 3.295354010331938308e-05 1.169575009673727249e-07
8.790000000000000000e+02 3.298592275740547621e-05 1.100395075918374809e-07
9.810000000000000000e+02 3.313932597647280688e-05 1.047160424124258109e-07
1.083000000000000000e+03 3.296397057831680264e-05 9.914241298534674486e-08
1.186000000000000000e+03 3.296950789453765424e-05 9.430509045829551936e-08
1.288000000000000000e+03 3.279172819762000643e-05 9.041368221468967495e-08
1.390000000000000000e+03 3.294882466648445019e-05 8.744465742068623185e-08
1.492000000000000000e+03 3.292124952059792824e-05 8.433774517379044685e-08
1.594000000000000000e+03 3.279907667996810247e-05 8.130876791311940297e-08
1.696000000000000000e+03 3.285085750004193279e-05 7.857260325929859697e-08
1.799000000000000000e+03 3.269232739900556196e-05 7.627144768674793855e-08
1.901000000000000000e+03 3.274956664252688725e-05 7.436396592199983198e-08
2.003000000000000000e+03 3.295599742077621298e-05 7.287403811497253339e-08
2.106000000000000000e+03 3.282960949286344000e-05 7.046755429759573797e-08
2.208000000000000000e+03 3.277100823789944593e-05 6.904008713431724318e-08
2.310000000000000000e+03 3.274863803536471392e-05 6.743097532890571782e-08
2.412000000000000000e+03 3.274303042620498684e-05 6.599833709122944337e-08
2.514000000000000000e+03 3.273878597724227187e-05 6.464655721924782540e-08
2.616000000000000000e+03 3.276989569496813675e-05 6.309553784095564399e-08
2.719000000000000000e+03 3.276342508143002786e-05 6.220437984484529017e-08
2.821000000000000000e+03 3.268239175644623560e-05 6.090144634490116245e-08
2.923000000000000000e+03 3.263993546971980485e-05 5.976178710928868838e-08
3.025000000000000000e+03 3.266593572952225467e-05 5.879788339350714244e-08
3.128000000000000000e+03 3.274046851678550268e-05 5.766311479944279967e-08
3.230000000000000000e+03 3.263834963880015263e-05 5.686718810243139253e-08
3.332000000000000000e+03 3.265052439644398013e-05 5.599389460769460725e-08
3.434000000000000000e+03 3.269060579881120102e-05 5.522352268650890632e-08
3.536000000000000000e+03 3.266027089488091783e-05 5.410346257930694873e-08
3.639000000000000000e+03 3.276342447839794504e-05 5.375180873437109557e-08
3.741000000000000000e+03 3.267638530024742665e-05 5.289944978792617782e-08
3.843000000000000000e+03 3.273162230050144874e-05 5.227645454736243489e-08
3.945000000000000000e+03 3.273579913501616730e-05 5.160091869516888027e-08
4.048000000000000000e+03 3.262459487607453868e-05 5.050699954693440835e-08
4.150000000000000000e+03 3.268026400082182627e-05 5.022158028159839604e-08
4.252000000000000000e+03 3.257438309968256878e-05 4.944649430128903386e-08
4.354000000000000000e+03 3.258038892744882325e-05 4.888391504794278501e-08
4.456000000000000000e+03 3.243123948991984731e-05 4.786624533645243384e-08
4.559000000000000000e+03 3.229195720380340231e-05 4.733765262869084743e-08
4.661000000000000000e+03 3.219324844750781449e-05 4.669810967992096741e-08
4.763000000000000000e+03 3.208197229634185481e-05 4.601382799714297348e-08
4.865000000000000000e+03 3.191692627151688263e-05 4.529358352148363384e-08
4.968000000000000000e+03 3.176632991903789716e-05 4.440574853440458734e-08
5.070000000000000000e+03 3.163693651213236304e-05 4.398758766062888206e-08
5.172000000000000000e+03 3.146360212552033546e-05 4.332122697610623702e-08
5.274000000000000000e+03 3.134140621312422404e-05 4.272338253567210698e-08
5.376000000000000000e+03 3.123541939966641221e-05 4.217420817438095367e-08
5.478000000000000000e+03 3.099290735929309233e-05 4.125425024373011775e-08
5.581000000000000000e+03 3.093681919020600216e-05 4.099552940064041398e-08
5.683000000000000000e+03 3.085001990914008267e-05 4.051491612588752771e-08
5.785000000000000000e+03 3.066554259511164167e-05 3.991983148990498227e-08
5.888000000000000000e+03 3.059570929851148724e-05 3.928864456609898644e-08
5.990000000000000000e+03 3.042779988515949353e-05 3.891467995324613576e-08
6.092000000000000000e+03 3.049248446084616709e-05 3.867108146394262187e-08
