6.100000000000000000e+01 3.839773560185666103e-05 4.818908119948817140e-07
1.630000000000000000e+02 3.554405971667040783e-05 2.749248991431666331e-07
2.660000000000000000e+02 3.388462552952516013e-05 2.044847338340129443e-07
3.680000000000000000e+02 3.318147021912470478e-05 1.708198049703622884e-07
4.700000000000000000e+02 3.293034379607414724e-05 1.500804698767155081e-07
5.720000000000000000e+02 3.317136826139414869e-05 1.371722127709903068e-07
6.740000000000000000e+02 3.322210387548673195e-05 1.258368192938968968e-07
7.770000000000000000e+02 3.276597630924276951e-05 1.163290899210574867e-07
8.790000000000000000e+02 3.310417529645991088e-05 1.104644780514345298e-07
9.810000000000000000e+02 3.292231687825977770e-05 1.039213220056216631e-07
1.083000000000000000e+03 3.297752907041271044e-05 9.920933312762453414e-08
1.186000000000000000e+03 3.287926873698467973e-05 9.404272575003459752e-08
1.288000000000000000e+03 3.293273883531395633e-05 9.077539954302273289e-08
1.390000000000000000e+03 3.279586602038032001e-05 8.707104994490324177e-08
1.492000000000000000e+03 3.286737327899580288e-05 8.419563080182583554e-08
1.594000000000000000e+03 3.300941213218480631e-05 8.182652242463251424e-08
1.696000000000000000e+03 3.275135860401047835e-05 7.831226735051954064e-08
1.799000000000000000e+03 3.279578785745254323e-05 7.651329511616313372e-08
1.901000000000000000e+03 3.274634231778037174e-05 7.436240217852045570e-08
2.003000000000000000e+03 3.275579880799431363e-05 7.243160451707017988e-08
2.106000000000000000e+03 3.279886356399501170e-05 7.042116151468411944e-08
2.208000000000000000e+03 3.282171967872713115e-05 6.911700147971855205e-08
2.310000000000000000e+03 3.285128376537879686e-05 6.763239319503627376e-08
2.412000000000000000e+03 3.274816109423949584e-05 6.600189074205811164e-08
2.514000000000000000e+03 3.283820802321609769e-05 6.483298430236626815e-08
2.616000000000000000e+03 3.285441611206327766e-05 6.326702412464727844e-08
2.719000000000000000e+03 3.271380152347052320e-05 6.211185513949312860e-08
2.821000000000000000e+03 3.280765323805592549e-05 6.114376797663483466e-08
2.923000000000000000e+03 3.281053241300784532e-05 6.006968189861576030e-08
3.025000000000000000e+03 3.285223029103753137e-05 5.911735344420099431e-08
3.128000000000000000e+03 3.278378124915603311e-05 5.775699087075081186e-08
3.230000000000000000e+03 3.281216704473637757e-05 5.715330930707175563e-08
3.332000000000000000e+03 3.277506155800784726e-05 5.622328309188902674e-08
3.434000000000000000e+03 3.270431593430314377e-05 5.524263275361835764e-08
3.536000000000000000e+03 3.279025901306386839e-05 5.432685655518474206e-08
3.639000000000000000e+03 3.264433519782272632e-05 5.355389809095640120e-08
3.741000000000000000e+03 3.276678116101407938e-05 5.304210751903787840e-08
3.843000000000000000e+03 3.276526457988494686e-05 5.230639837340843949e-08
3.945000000000000000e+03 3.282984335639116538e-05 5.174155740635868517e-08
4.048000000000000000e+03 3.259179613378272586e-05 5.047516001914571572e-08
4.150000000000000000e+03 3.271085384954191671e-05 5.027193235190470170e-08
4.252000000000000000e+03 3.263794626528084659e-05 4.956610978236622379e-08
4.354000000000000000e+03 3.258651998363229973e-05 4.888373478716220754e-08
4.456000000000000000e+03 3.251538304769779127e-05 4.798629038286620789e-08
4.559000000000000000e+03 3.232018015979263805e-05 4.738520742770096224e-08
4.661000000000000000e+03 3.221804827475938885e-05 4.672598917540269345e-08
4.763000000000000000e+03 3.207061491638072304e-05 4.599531602404883775e-08
4.865000000000000000e+03 3.194542967232086203e-05 4.534518612848693711e-08
4.968000000000000000e+03 3.179092722388140741e-05 4.444992530795057086e-08
5.070000000000000000e+03 3.169265443080066880e-05 4.406095973072148994e-08
5.172000000000000000e+03 3.147532781265791811e-05 4.332812703946128645e-08
5.274000000000000000e+03 3.133296013225628370e-05 4.271960544678693487e-08
5.376000000000000000e+03 3.117106469400857669e-05 4.208543332167739636e-08
5.478000000000000000e+03 3.106543038099882591e-05 4.134845540401034067e-08
5.581000000000000000e+03 3.099053341810067822e-05 4.106681153914651856e-08
5.683000000000000000e+03 3.075554158157245503e-05 4.039719218494289029e-08
5.785000000000000000e+03 3.070922723285565356e-05 3.996823718226574443e-08
5.888000000000000000e+03 3.061187170411069767e-05 3.930913741585588000e-08
5.990000000000000000e+03 3.053560470645892271e-05 3.906175311268087899e-08
6.092000000000000000e+03 3.052378079884386663e-05 3.870174967627029855e-08
