6.100000000000000000e+01 3.812803314289981327e-05 4.762039632058607883e-07
1.630000000000000000e+02 3.577728816073936309e-05 2.766760716721136571e-07
2.660000000000000000e+02 3.418985653995117673e-05 2.065384999964184338e-07
3.680000000000000000e+02 3.374610496428503097e-05 1.737475906978680862e-07
4.700000000000000000e+02 3.317668667271364671e-05 1.514512502553268631e-07
5.720000000000000000e+02 3.321902982775914716e-05 1.372124925666174319e-07
6.740000000000000000e+02 3.312440511258923670e-05 1.256182917415152774e-07
7.770000000000000000e+02 3.289265935490942616e-05 1.166998863056990507e-07
8.790000000000000000e+02 3.281287766890029481e-05 1.095911480770384664e-07
9.810000000000000000e+02 3.297253100826132372e-05 1.040874422245611393e-07
1.083000000000000000e+03 3.286750122997694588e-05 9.887130240711009002e-08
1.186000000000000000e+03 3.300055884635103378e-05 9.437780949250619061e-08
1.288000000000000000e+03 3.288821923304344289e-05 9.067635492255495853e-08
1.390000000000000000e+03 3.283796492404322570e-05 8.714700101100851308e-08
1.492000000000000000e+03 3.284987558455034260e-05 8.414542351231308411e-08
1.594000000000000000e+03 3.282634121859701813e-05 8.135974671392852271e-08
1.696000000000000000e+03 3.290178427400557702e-05 7.866917276652587008e-08
1.799000000000000000e+03 3.278349992748668383e-05 7.650487513101502528e-08
1.901000000000000000e+03 3.293566446841074988e-05 7.478091851682880616e-08
2.003000000000000000e+03 3.283842994563322004e-05 7.261637232208396652e-08
2.106000000000000000e+03 3.285679975082339858e-05 7.053386692396871671e-08
2.208000000000000000e+03 3.284849372447457428e-05 6.918372603292339442e-08
2.310000000000000000e+03 3.271490032492988280e-05 6.736989502268934255e-08
2.412000000000000000e+03 3.272779842511419781e-05 6.596089068594284708e-08
2.514000000000000000e+03 3.271925559486034993e-05 6.461789313480122941e-08
2.616000000000000000e+03 3.274496864754509892e-05 6.305841495612475662e-08
2.719000000000000000e+03 3.277580454530195237e-05 6.219915532837143955e-08
2.821000000000000000e+03 3.269730077212370086e-05 6.093681670757934126e-08
2.923000000000000000e+03 3.279724252619890991e-05 6.006471331800936814e-08
3.025000000000000000e+03 3.279258948158560844e-05 5.901487529368960223e-08
3.128000000000000000e+03 3.269899595696622232e-05 5.760402501228131157e-08
3.230000000000000000e+03 3.271567943266694183e-05 5.697434991858101289e-08
3.332000000000000000e+03 3.275243602989646172e-05 5.616726491026048996e-08
3.434000000000000000e+03 3.267596385452797148e-05 5.519427179061678249e-08
3.536000000000000000e+03 3.280699436233334895e-05 5.435138138199030003e-08
3.639000000000000000e+03 3.278368235212483019e-05 5.379896023301674350e-08
3.741000000000000000e+03 3.265357855533659442e-05 5.283660359455694439e-08
3.843000000000000000e+03 3.283429980900667258e-05 5.244305103210891621e-08
3.945000000000000000e+03 3.272711561991741507e-05 5.158035985985952211e-08
4.048000000000000000e+03 3.283901703005268324e-05 5.086599742656431261e-08
4.150000000000000000e+03 3.268107673167520717e-05 5.022750597244008853e-08
4.252000000000000000e+03 3.261571979953133154e-05 4.950298546373104544e-08
4.354000000000000000e+03 3.255990676279662806e-05 4.885372704836489729e-08
4.456000000000000000e+03 3.251884603032744234e-05 4.798503394892643465e-08
4.559000000000000000e+03 3.237332856919785366e-05 4.746483998256977964e-08
4.661000000000000000e+03 3.214184982814801415e-05 4.661962839607531641e-08
4.763000000000000000e+03 3.208965732907064096e-05 4.602583114126814872e-08
4.865000000000000000e+03 3.195325836993097686e-05 4.535359963662973641e-08
4.968000000000000000e+03 3.176992595012174660e-05 4.441412460793046496e-08
5.070000000000000000e+03 3.157090962454864839e-05 4.389272690792928254e-08
5.172000000000000000e+03 3.148239670837314324e-05 4.334975892725614246e-08
5.274000000000000000e+03 3.139639148832165509e-05 4.279498547589484595e-08
5.376000000000000000e+03 3.116161267711826959e-05 4.207863708397682754e-08
5.478000000000000000e+03 3.112080933582503627e-05 4.141810693167024098e-08
5.581000000000000000e+03 3.088413424071324257e-05 4.093172546355846782e-08
5.683000000000000000e+03 3.077478360678072777e-05 4.041612934594900878e-08
5.785000000000000000e+03 3.073581148417973475e-05 4.001046578566839297e-08
5.888000000000000000e+03 3.061480181970607849e-05 3.930115389326022180e-08
5.990000000000000000e+03 3.050686898860392670e-05 3.902958580415953039e-08
6.092000000000000000e+03 3.054263230722149489e-05 3.873158304954244267e-08
