6.100000000000000000e+01 1.108321927948825455e-05 1.391192819954201528e-07
1.630000000000000000e+02 8.786877349682518386e-06 6.798889757334913532e-08
2.660000000000000000e+02 7.712703518519392265e-06 4.658692519459577909e-08
3.680000000000000000e+02 6.945164709417541295e-06 3.579697361089125325e-08
4.700000000000000000e+02 6.582593391011397400e-06 3.003619364466849482e-08
5.720000000000000000e+02 6.368588758268863909e-06 2.634803335784768280e-08
6.740000000000000000e+02 6.206471343078691600e-06 2.352730669032284677e-08
7.770000000000000000e+02 6.069312399536432997e-06 2.154234722996078298e-08
8.790000000000000000e+02 6.003992884233734980e-06 2.003043241788458474e-08
9.810000000000000000e+02 5.961996630620229395e-06 1.883153251894408147e-08
1.083000000000000000e+03 5.908747989412886400e-06 1.777202062378683438e-08
1.186000000000000000e+03 5.895181168238207886e-06 1.685141167691558315e-08
1.288000000000000000e+03 5.855496452111021810e-06 1.615449783884918941e-08
1.390000000000000000e+03 5.810561141597337238e-06 1.541868763512624818e-08
1.492000000000000000e+03 5.841439430543060541e-06 1.497080365922639237e-08
1.594000000000000000e+03 5.782906093116783941e-06 1.433567065061323054e-08
1.696000000000000000e+03 5.792398485448792066e-06 1.385130335365361640e-08
1.799000000000000000e+03 5.757954872798885435e-06 1.343812488013437026e-08
1.901000000000000000e+03 5.756183073138587244e-06 1.306615105038717712e-08
2.003000000000000000e+03 5.756894220441578277e-06 1.273257146773981515e-08
2.106000000000000000e+03 5.754061620354325531e-06 1.234978157785112201e-08
2.208000000000000000e+03 5.704465046465878943e-06 1.201818269977400184e-08
2.310000000000000000e+03 5.721483391700033533e-06 1.178260123274509164e-08
2.412000000000000000e+03 5.718347411402450858e-06 1.152424209740639892e-08
2.514000000000000000e+03 5.694278501799571674e-06 1.124452382825134252e-08
2.616000000000000000e+03 5.681019863873051322e-06 1.094137061113673213e-08
2.719000000000000000e+03 5.706561290157185282e-06 1.083080994896243358e-08
2.821000000000000000e+03 5.703852125875312423e-06 1.063198688857512991e-08
2.923000000000000000e+03 5.693761258286852243e-06 1.042347870229763195e-08
3.025000000000000000e+03 5.690325393934020337e-06 1.024428738681835870e-08
3.128000000000000000e+03 5.681172963665552106e-06 1.000505746502975282e-08
3.230000000000000000e+03 5.693279258996275195e-06 9.917651699534798273e-09
3.332000000000000000e+03 5.685794578198758264e-06 9.749993063371076708e-09
3.434000000000000000e+03 5.669145828581840774e-06 9.578235122050885119e-09
3.536000000000000000e+03 5.664550930870369157e-06 9.385252425491296458e-09
3.639000000000000000e+03 5.674885726195858340e-06 9.312229023617106122e-09
3.741000000000000000e+03 5.662269890895362765e-06 9.162372617703226073e-09
3.843000000000000000e+03 5.684111468038657756e-06 9.077863225511454163e-09
3.945000000000000000e+03 5.679541443327767116e-06 8.953537729774822929e-09
4.048000000000000000e+03 5.666540788887008690e-06 8.771210869890030781e-09
4.150000000000000000e+03 5.671600704288644321e-06 8.718199439979799351e-09
4.252000000000000000e+03 5.650131081439829377e-06 8.577185993693614092e-09
4.354000000000000000e+03 5.639377583088623632e-06 8.461120614446367796e-09
4.456000000000000000e+03 5.608029240127673813e-06 8.275566817570193028e-09
4.559000000000000000e+03 5.580752989807792913e-06 8.181848275254848658e-09
4.661000000000000000e+03 5.569846568438155705e-06 8.079631688095822399e-09
4.763000000000000000e+03 5.550513372051402471e-06 7.961884401862273041e-09
4.865000000000000000e+03 5.524724775702016246e-06 7.841051921600844500e-09
4.968000000000000000e+03 5.495855020182308669e-06 7.681684541777598159e-09
5.070000000000000000e+03 5.459461187060423852e-06 7.590915812576857273e-09
5.172000000000000000e+03 5.440504820636457123e-06 7.490380536549303024e-09
5.274000000000000000e+03 5.418393329544753485e-06 7.387617281552391005e-09
5.376000000000000000e+03 5.391764464894058140e-06 7.279630200679340357e-09
5.478000000000000000e+03 5.371150888223310987e-06 7.149867854386481278e-09
5.581000000000000000e+03 5.338794228719763125e-06 7.074307065275577084e-09
5.683000000000000000e+03 5.312443570854962475e-06 6.977349372178304444e-09
5.785000000000000000e+03 5.312765348046525256e-06 6.915193134689999991e-09
5.888000000000000000e+03 5.282868342807478624e-06 6.784552795547595890e-09
5.990000000000000000e+03 5.253365681397888526e-06 6.718586661849063896e-09
6.092000000000000000e+03 5.263553199500936182e-06 6.674863457625719864e-09
