6.100000000000000000e+01 1.097007877433231610e-05 1.378290256817043922e-07
1.630000000000000000e+02 8.576348873162850653e-06 6.630200865013278961e-08
2.660000000000000000e+02 7.663397332450670903e-06 4.626849978076120001e-08
3.680000000000000000e+02 6.897226256174483876e-06 3.551485885031871887e-08
4.700000000000000000e+02 6.611057063308562986e-06 3.015615620543285179e-08
5.720000000000000000e+02 6.328373455071345798e-06 2.616615697128377447e-08
6.740000000000000000e+02 6.174203532197519407e-06 2.340339654246432278e-08
7.770000000000000000e+02 6.084869834140155595e-06 2.159561954109258228e-08
8.790000000000000000e+02 6.001537956937514796e-06 2.002395426748082838e-08
9.810000000000000000e+02 5.959301402652707981e-06 1.883066782368980588e-08
1.083000000000000000e+03 5.884637173981690447e-06 1.770235487523470638e-08
1.186000000000000000e+03 5.852945799083245674e-06 1.673970816380562965e-08
1.288000000000000000e+03 5.839463585842132962e-06 1.609796953340659380e-08
1.390000000000000000e+03 5.849227921319755576e-06 1.552648955986822094e-08
1.492000000000000000e+03 5.775784214981736121e-06 1.479317590598734040e-08
1.594000000000000000e+03 5.772272749720732630e-06 1.431286354376447352e-08
1.696000000000000000e+03 5.775525286805371256e-06 1.380867492468154287e-08
1.799000000000000000e+03 5.764779297872539676e-06 1.345097623595431009e-08
1.901000000000000000e+03 5.741543046887617345e-06 1.303504779660229866e-08
2.003000000000000000e+03 5.732364831954856392e-06 1.267920252550631993e-08
2.106000000000000000e+03 5.744116259474472695e-06 1.232761245903568358e-08
2.208000000000000000e+03 5.715376576386023510e-06 1.203829210588151435e-08
2.310000000000000000e+03 5.707711985538143922e-06 1.175393900638120474e-08
2.412000000000000000e+03 5.725791446185963522e-06 1.153997354993682336e-08
2.514000000000000000e+03 5.699143540503197883e-06 1.125078433363961409e-08
2.616000000000000000e+03 5.710502007956310338e-06 1.099924457294568327e-08
2.719000000000000000e+03 5.693638270819855173e-06 1.081107498901716971e-08
2.821000000000000000e+03 5.692944986625159949e-06 1.060861530729794888e-08
2.923000000000000000e+03 5.680687918040751701e-06 1.039999357738067676e-08
3.025000000000000000e+03 5.687499935054672215e-06 1.023727686428607988e-08
3.128000000000000000e+03 5.658853521855502853e-06 9.964222607218504680e-09
3.230000000000000000e+03 5.682324175726455187e-06 9.900643253473925358e-09
3.332000000000000000e+03 5.668754113544397107e-06 9.721605135204349423e-09
3.434000000000000000e+03 5.682714776584500223e-06 9.600696669225033509e-09
3.536000000000000000e+03 5.669965816330701579e-06 9.391846518625316187e-09
3.639000000000000000e+03 5.673557851878177372e-06 9.312935277837617492e-09
3.741000000000000000e+03 5.645554120465974221e-06 9.136478426576591963e-09
3.843000000000000000e+03 5.670561121076255272e-06 9.056157394297008934e-09
3.945000000000000000e+03 5.663923061290057754e-06 8.927372178727436547e-09
4.048000000000000000e+03 5.653337097973594005e-06 8.754568921940334975e-09
4.150000000000000000e+03 5.636492134588251466e-06 8.661131440881665817e-09
4.252000000000000000e+03 5.613782153249279567e-06 8.522494533239194736e-09
4.354000000000000000e+03 5.638268163326227648e-06 8.460464382065594514e-09
4.456000000000000000e+03 5.597404780635397480e-06 8.259649177332493254e-09
4.559000000000000000e+03 5.574285639036462476e-06 8.173358654305431222e-09
4.661000000000000000e+03 5.561271351188508412e-06 8.064910085897438319e-09
4.763000000000000000e+03 5.535344562927654223e-06 7.940766375347355631e-09
4.865000000000000000e+03 5.486166548821962759e-06 7.786801094998776653e-09
4.968000000000000000e+03 5.475734624779142584e-06 7.652724091861712904e-09
5.070000000000000000e+03 5.448271741354257850e-06 7.576992118731885225e-09
5.172000000000000000e+03 5.417673316517614215e-06 7.458591135548688522e-09
5.274000000000000000e+03 5.402963468399371610e-06 7.364692877072350702e-09
5.376000000000000000e+03 5.384025123656394002e-06 7.270361129758653073e-09
5.478000000000000000e+03 5.357392387172795742e-06 7.131074030995487287e-09
5.581000000000000000e+03 5.344590008113819846e-06 7.083330222800683349e-09
5.683000000000000000e+03 5.319600606798169036e-06 6.985698122332847726e-09
5.785000000000000000e+03 5.295392316848849644e-06 6.892781349667480704e-09
5.888000000000000000e+03 5.270266838095400845e-06 6.767445018601635849e-09
5.990000000000000000e+03 5.244497361750725718e-06 6.709815631520145039e-09
6.092000000000000000e+03 5.252030040885379385e-06 6.658876664501742378e-09
