6.100000000000000000e+01 1.098995658660503699e-05 1.382805340273559841e-07
1.630000000000000000e+02 8.726714765652820901e-06 6.766797772895762986e-08
2.660000000000000000e+02 7.627076211869151937e-06 4.609418626534586432e-08
3.680000000000000000e+02 6.895009198994651905e-06 3.550096770954605405e-08
4.700000000000000000e+02 6.557204833210842318e-06 2.991937086024966912e-08
5.720000000000000000e+02 6.348516589434740727e-06 2.626151128334143138e-08
6.740000000000000000e+02 6.132308698963782602e-06 2.323551290771951648e-08
7.770000000000000000e+02 6.076017266254104475e-06 2.156284255821114519e-08
8.790000000000000000e+02 6.024166058105569288e-06 2.010327238951126271e-08
9.810000000000000000e+02 5.982886651847481764e-06 1.889833139919281529e-08
1.083000000000000000e+03 5.893811796522442533e-06 1.771657004475394629e-08
1.186000000000000000e+03 5.848316760100957222e-06 1.672982156333096860e-08
1.288000000000000000e+03 5.821937337493442776e-06 1.604710382826000825e-08
1.390000000000000000e+03 5.798421642354718537e-06 1.538948045286730064e-08
1.492000000000000000e+03 5.788498671980170097e-06 1.483261466175915157e-08
1.594000000000000000e+03 5.780456216870621503e-06 1.432947672709328871e-08
1.696000000000000000e+03 5.745209934654951602e-06 1.373865366966310166e-08
1.799000000000000000e+03 5.719825419329530385e-06 1.334694123214539479e-08
1.901000000000000000e+03 5.751985830506541583e-06 1.306143449563550540e-08
2.003000000000000000e+03 5.722084050158053149e-06 1.264983068575952798e-08
2.106000000000000000e+03 5.709266382773655265e-06 1.225630325972129349e-08
2.208000000000000000e+03 5.738432222711878015e-06 1.208303102189852611e-08
2.310000000000000000e+03 5.693635597755070009e-06 1.172788491884503773e-08
2.412000000000000000e+03 5.699554404217351844e-06 1.148947224198169860e-08
2.514000000000000000e+03 5.688912725569940693e-06 1.122832955782995240e-08
2.616000000000000000e+03 5.692153162148170237e-06 1.096680539653683205e-08
2.719000000000000000e+03 5.684222386966664737e-06 1.078767919284063834e-08
2.821000000000000000e+03 5.671585850563162732e-06 1.056950333134346673e-08
2.923000000000000000e+03 5.669175954620178558e-06 1.038197795471398685e-08
3.025000000000000000e+03 5.674331065312313291e-06 1.021163628172781081e-08
3.128000000000000000e+03 5.664673894154468010e-06 9.978586099045388873e-09
3.230000000000000000e+03 5.666789257242308168e-06 9.869453212783735010e-09
3.332000000000000000e+03 5.666405450054733304e-06 9.717124587510846879e-09
3.434000000000000000e+03 5.661320022456441817e-06 9.562534705104142694e-09
3.536000000000000000e+03 5.661180944398247380e-06 9.378249296275642182e-09
3.639000000000000000e+03 5.664951036611709215e-06 9.296021486480372693e-09
3.741000000000000000e+03 5.665427330633119685e-06 9.170455676420611210e-09
3.843000000000000000e+03 5.661651637900453773e-06 9.043478164309304473e-09
3.945000000000000000e+03 5.654762183661643889e-06 8.910636189582700138e-09
4.048000000000000000e+03 5.629346326421498159e-06 8.716818976427200242e-09
4.150000000000000000e+03 5.623749844414652286e-06 8.643988178295072611e-09
4.252000000000000000e+03 5.618659523505093275e-06 8.529879121546832838e-09
4.354000000000000000e+03 5.625129804336026284e-06 8.439117707265711105e-09
4.456000000000000000e+03 5.589112943864939680e-06 8.249592100668514232e-09
4.559000000000000000e+03 5.580723298997350179e-06 8.180446672067700138e-09
4.661000000000000000e+03 5.551143110399985886e-06 8.051068125312627344e-09
4.763000000000000000e+03 5.517575128951153520e-06 7.915079294884788415e-09
4.865000000000000000e+03 5.521725258016988030e-06 7.836650945303936549e-09
4.968000000000000000e+03 5.480258873241941476e-06 7.661171511869674508e-09
5.070000000000000000e+03 5.457791490481373816e-06 7.587224795235741661e-09
5.172000000000000000e+03 5.416993004169749221e-06 7.458075853341601097e-09
5.274000000000000000e+03 5.393760619696665443e-06 7.353824158916199908e-09
5.376000000000000000e+03 5.370225109689228359e-06 7.249856628420899499e-09
5.478000000000000000e+03 5.345178715757809098e-06 7.114914406277220083e-09
5.581000000000000000e+03 5.319153388471995282e-06 7.048940355725710253e-09
5.683000000000000000e+03 5.301575085814684258e-06 6.963477469399571646e-09
5.785000000000000000e+03 5.285011126567129351e-06 6.878441096534871364e-09
5.888000000000000000e+03 5.261862857039359732e-06 6.757288278951696772e-09
5.990000000000000000e+03 5.250287154765134322e-06 6.716191230059400301e-09
6.092000000000000000e+03 5.257150216209069832e-06 6.665984181802417642e-09
