6.100000000000000000e+01 1.084435561956894180e-05 1.360568926203932322e-07
1.630000000000000000e+02 8.680267486138100818e-06 6.722762066863929472e-08
2.660000000000000000e+02 7.735985360570809963e-06 4.675812889226119988e-08
3.680000000000000000e+02 6.954195447738156552e-06 3.583191808917803728e-08
4.700000000000000000e+02 6.527475152638978195e-06 2.978631894576965385e-08
5.720000000000000000e+02 6.365638842884613005e-06 2.632074147095281153e-08
6.740000000000000000e+02 6.170081012173589830e-06 2.336673753090270413e-08
7.770000000000000000e+02 6.086005998323830644e-06 2.161055557641368404e-08
8.790000000000000000e+02 6.002086462083397922e-06 2.003071418400490516e-08
9.810000000000000000e+02 5.939443973928702592e-06 1.875807121873715079e-08
1.083000000000000000e+03 5.887907234817893080e-06 1.771222544809852679e-08
1.186000000000000000e+03 5.870705871707016901e-06 1.678463359960361183e-08
1.288000000000000000e+03 5.849352411151234042e-06 1.613457037040376282e-08
1.390000000000000000e+03 5.798903475163269497e-06 1.538972900936543201e-08
1.492000000000000000e+03 5.773646034404824992e-06 1.479118193882771731e-08
1.594000000000000000e+03 5.763732749354111099e-06 1.429388006292745932e-08
1.696000000000000000e+03 5.774860745317944596e-06 1.380523206418448212e-08
1.799000000000000000e+03 5.717975422356998264e-06 1.334550203885544039e-08
1.901000000000000000e+03 5.736544657185938708e-06 1.302284240127052587e-08
2.003000000000000000e+03 5.705761012135150134e-06 1.261767201822257438e-08
2.106000000000000000e+03 5.740895438257429543e-06 1.232379821200880654e-08
2.208000000000000000e+03 5.702082682693629005e-06 1.201138372551642983e-08
2.310000000000000000e+03 5.692785593590597625e-06 1.172772308874195633e-08
2.412000000000000000e+03 5.715790921560340217e-06 1.151129129910023084e-08
2.514000000000000000e+03 5.703398533688619968e-06 1.126186228613958395e-08
2.616000000000000000e+03 5.690930302508395133e-06 1.096133342300601712e-08
2.719000000000000000e+03 5.677650121176492534e-06 1.077897909608205412e-08
2.821000000000000000e+03 5.689165270542502688e-06 1.060439990497559920e-08
2.923000000000000000e+03 5.682369306579170051e-06 1.039927796000655717e-08
3.025000000000000000e+03 5.675649689762103985e-06 1.021555336968474065e-08
3.128000000000000000e+03 5.685577067064498345e-06 1.001709199807646511e-08
3.230000000000000000e+03 5.672298328445349343e-06 9.879504347873980179e-09
3.332000000000000000e+03 5.676686217230628947e-06 9.733038852680186130e-09
3.434000000000000000e+03 5.673638876369962154e-06 9.585851639367933723e-09
3.536000000000000000e+03 5.678929179356486552e-06 9.406892059460892114e-09
3.639000000000000000e+03 5.662465614339967247e-06 9.294650541139011449e-09
3.741000000000000000e+03 5.661366377944486653e-06 9.162361944903770013e-09
3.843000000000000000e+03 5.655603373885199365e-06 9.031975645316246044e-09
3.945000000000000000e+03 5.659031392003069540e-06 8.920051517778183954e-09
4.048000000000000000e+03 5.656901388288782705e-06 8.759288635548513879e-09
4.150000000000000000e+03 5.655928761063753591e-06 8.689304479846265868e-09
4.252000000000000000e+03 5.627591234502529704e-06 8.545067721280198813e-09
4.354000000000000000e+03 5.618819790334085355e-06 8.430141928057167935e-09
4.456000000000000000e+03 5.593213059641603020e-06 8.253186935828702427e-09
4.559000000000000000e+03 5.565454082432352292e-06 8.160764978503715583e-09
4.661000000000000000e+03 5.556993260460159985e-06 8.058317537923880623e-09
4.763000000000000000e+03 5.537555264394585708e-06 7.943616504196355115e-09
4.865000000000000000e+03 5.501916825235459218e-06 7.810484505633342218e-09
4.968000000000000000e+03 5.483846003906168579e-06 7.665307918609588501e-09
5.070000000000000000e+03 5.460476275184654960e-06 7.592689354054702019e-09
5.172000000000000000e+03 5.417071765109249619e-06 7.458070528443168494e-09
5.274000000000000000e+03 5.410119372779032778e-06 7.374363584426178093e-09
5.376000000000000000e+03 5.386705368207152513e-06 7.274467245894224053e-09
5.478000000000000000e+03 5.355163209420483928e-06 7.128841485718797475e-09
5.581000000000000000e+03 5.336540676284444910e-06 7.071590317242678791e-09
5.683000000000000000e+03 5.314169853569780953e-06 6.979264713637834290e-09
5.785000000000000000e+03 5.286275117869986641e-06 6.880800762745940746e-09
5.888000000000000000e+03 5.268845226404679104e-06 6.765510323376829107e-09
5.990000000000000000e+03 5.245030099792035725e-06 6.709782441798813096e-09
6.092000000000000000e+03 5.262876791194511190e-06 6.672430912859884329e-09
