6.100000000000000000e+01 1.427420337156534887e-05 1.789640496172964157e-07
1.630000000000000000e+02 1.239818198704524779e-05 9.566439225997781882e-08
2.660000000000000000e+02 1.116194227631909198e-05 6.729967241010718945e-08
3.680000000000000000e+02 1.070310975154995601e-05 5.513417666130395921e-08
4.700000000000000000e+02 1.043882077414526793e-05 4.763766288616087086e-08
5.720000000000000000e+02 1.026559734550613906e-05 4.241575556073504223e-08
6.740000000000000000e+02 1.012352616614869916e-05 3.839949561169553754e-08
7.770000000000000000e+02 1.003776921211566190e-05 3.560428715763135701e-08
8.790000000000000000e+02 9.931882133900658632e-06 3.316752901744275925e-08
9.810000000000000000e+02 9.937978362041367014e-06 3.138361976944867920e-08
1.083000000000000000e+03 9.893649557873060267e-06 2.976948403586157390e-08
1.186000000000000000e+03 9.855787485612617387e-06 2.818116551520713406e-08
1.288000000000000000e+03 9.832079399477893213e-06 2.710863235042027973e-08
1.390000000000000000e+03 9.835505684713683676e-06 2.610943433954488147e-08
1.492000000000000000e+03 9.822070902558755509e-06 2.515520720956977076e-08
1.594000000000000000e+03 9.785460950728823321e-06 2.426856813473108725e-08
1.696000000000000000e+03 9.780001274415482077e-06 2.337942755793289392e-08
1.799000000000000000e+03 9.797186758470257037e-06 2.286271577942901712e-08
1.901000000000000000e+03 9.805738639775634068e-06 2.225210133856482498e-08
2.003000000000000000e+03 9.823640807866680473e-06 2.172515718324805550e-08
2.106000000000000000e+03 9.778688971458660700e-06 2.099383271877353620e-08
2.208000000000000000e+03 9.769735448813339330e-06 2.057529053096225928e-08
2.310000000000000000e+03 9.768628628395723665e-06 2.012102537640649627e-08
2.412000000000000000e+03 9.765554616892915718e-06 1.968700241021207436e-08
2.514000000000000000e+03 9.782981756514416312e-06 1.930979225237763768e-08
2.616000000000000000e+03 9.715981663712660378e-06 1.871683635850042038e-08
2.719000000000000000e+03 9.739908562595883497e-06 1.849262812367521720e-08
2.821000000000000000e+03 9.750279009850096706e-06 1.817061202279761694e-08
2.923000000000000000e+03 9.740468131214387293e-06 1.782216815174219345e-08
3.025000000000000000e+03 9.727432781938518053e-06 1.751189008220816024e-08
3.128000000000000000e+03 9.726091485642972826e-06 1.712900295747508975e-08
3.230000000000000000e+03 9.741789768803310584e-06 1.697219347519508203e-08
3.332000000000000000e+03 9.754857537399143100e-06 1.672444711112638655e-08
3.434000000000000000e+03 9.718390804723432295e-06 1.641746595425832530e-08
3.536000000000000000e+03 9.726703642178728036e-06 1.611869896506915563e-08
3.639000000000000000e+03 9.737777753946019174e-06 1.597933082923823391e-08
3.741000000000000000e+03 9.738661169300197470e-06 1.575754830169139691e-08
3.843000000000000000e+03 9.731432338350237012e-06 1.554378975572186810e-08
3.945000000000000000e+03 9.760562084055729985e-06 1.537820478897661353e-08
4.048000000000000000e+03 9.719072516562644683e-06 1.505337320670349059e-08
4.150000000000000000e+03 9.717511895128970274e-06 1.493238016190518924e-08
4.252000000000000000e+03 9.708959187813607329e-06 1.473762817579106875e-08
4.354000000000000000e+03 9.674567219430961335e-06 1.451920656675589956e-08
4.456000000000000000e+03 9.636927183548014264e-06 1.421810311771781840e-08
4.559000000000000000e+03 9.596926611806856947e-06 1.407607841909471332e-08
4.661000000000000000e+03 9.551319456971394951e-06 1.384860833223810508e-08
4.763000000000000000e+03 9.534826208628653405e-06 1.367818537140297292e-08
4.865000000000000000e+03 9.476985993837514386e-06 1.345188779368104083e-08
4.968000000000000000e+03 9.413181002318416886e-06 1.315744635625104273e-08
5.070000000000000000e+03 9.370312899718037647e-06 1.302595213925361270e-08
5.172000000000000000e+03 9.311402929006873933e-06 1.282000441846919084e-08
5.274000000000000000e+03 9.300762603206683593e-06 1.267865504673899327e-08
5.376000000000000000e+03 9.271564242482121813e-06 1.251861247210262084e-08
5.478000000000000000e+03 9.205321684214553524e-06 1.225491061691216341e-08
5.581000000000000000e+03 9.172587589007443558e-06 1.215386994345645202e-08
5.683000000000000000e+03 9.146551890651126497e-06 1.201452176772718625e-08
5.785000000000000000e+03 9.130503389599370240e-06 1.188162939470555218e-08
5.888000000000000000e+03 9.083673223236422899e-06 1.166284734089794782e-08
5.990000000000000000e+03 9.045869446528999596e-06 1.157208543204409524e-08
6.092000000000000000e+03 9.052522121250437391e-06 1.147967788718398035e-08
