6.100000000000000000e+01 1.441194993689869509e-05 1.814303435887872436e-07
1.630000000000000000e+02 1.225137181827455575e-05 9.475576677459044430e-08
2.660000000000000000e+02 1.125165477811059143e-05 6.789152362588364313e-08
3.680000000000000000e+02 1.074781728133828054e-05 5.538378084917343012e-08
4.700000000000000000e+02 1.040021827595596507e-05 4.742024527738943243e-08
5.720000000000000000e+02 1.023320433144292312e-05 4.233038364372118620e-08
6.740000000000000000e+02 1.012054489274748935e-05 3.835778846177504307e-08
7.770000000000000000e+02 9.994769960803659656e-06 3.546367268210875735e-08
8.790000000000000000e+02 9.927128044298296925e-06 3.315263724017463633e-08
9.810000000000000000e+02 9.919567035711598972e-06 3.132258141093636419e-08
1.083000000000000000e+03 9.908518540057806610e-06 2.978830321641071327e-08
1.186000000000000000e+03 9.881659416149885799e-06 2.825132800921671570e-08
1.288000000000000000e+03 9.813599061006088715e-06 2.707193000777221882e-08
1.390000000000000000e+03 9.809904230837825038e-06 2.603009620235550239e-08
1.492000000000000000e+03 9.831062776318788744e-06 2.519660763425765981e-08
1.594000000000000000e+03 9.790560755215061621e-06 2.426661153811596489e-08
1.696000000000000000e+03 9.836534779235726544e-06 2.352683896373119183e-08
1.799000000000000000e+03 9.814863713665958285e-06 2.289786050643490715e-08
1.901000000000000000e+03 9.749107188545880331e-06 2.213439474986701994e-08
2.003000000000000000e+03 9.781012723378462498e-06 2.162830816751511434e-08
2.106000000000000000e+03 9.789296976157897594e-06 2.101186046465670988e-08
2.208000000000000000e+03 9.762452526506788358e-06 2.056709502663947932e-08
2.310000000000000000e+03 9.743800414342866032e-06 2.006314950046852377e-08
2.412000000000000000e+03 9.757806072808100761e-06 1.966932304272609485e-08
2.514000000000000000e+03 9.750823362996089284e-06 1.925145557091950714e-08
2.616000000000000000e+03 9.720166899379282732e-06 1.872057005628607844e-08
2.719000000000000000e+03 9.785154782740490190e-06 1.857677008798703399e-08
2.821000000000000000e+03 9.738947448267509316e-06 1.815185886803641669e-08
2.923000000000000000e+03 9.734647131207238379e-06 1.782105458064830687e-08
3.025000000000000000e+03 9.728119305086633809e-06 1.750985886530457325e-08
3.128000000000000000e+03 9.724477532329865173e-06 1.712916836614086193e-08
3.230000000000000000e+03 9.752429547126991133e-06 1.698666363620521943e-08
3.332000000000000000e+03 9.726297019388903148e-06 1.668038405090435852e-08
3.434000000000000000e+03 9.703632164166073448e-06 1.638978245033117085e-08
3.536000000000000000e+03 9.719155696418527724e-06 1.610320712921579111e-08
3.639000000000000000e+03 9.740569927320596289e-06 1.598273841186953646e-08
3.741000000000000000e+03 9.741443516610414624e-06 1.576582654720934125e-08
3.843000000000000000e+03 9.747657325757438845e-06 1.557107775809000678e-08
3.945000000000000000e+03 9.720865511125094386e-06 1.531788523876556965e-08
4.048000000000000000e+03 9.699975462759024124e-06 1.502057610683813157e-08
4.150000000000000000e+03 9.677969756151693761e-06 1.487524934266693478e-08
4.252000000000000000e+03 9.671690576761566254e-06 1.467985816477980184e-08
4.354000000000000000e+03 9.658071356058799096e-06 1.449353974793208517e-08
4.456000000000000000e+03 9.647144963709152160e-06 1.423296605108361063e-08
4.559000000000000000e+03 9.583915722300133326e-06 1.405432910654478734e-08
4.661000000000000000e+03 9.565817394633050567e-06 1.387135729700276433e-08
4.763000000000000000e+03 9.527392898644044790e-06 1.366615181024216705e-08
4.865000000000000000e+03 9.466658032227618660e-06 1.343698070996894445e-08
4.968000000000000000e+03 9.426901583910150275e-06 1.317643373666377739e-08
5.070000000000000000e+03 9.398532772743547302e-06 1.306855777987830626e-08
5.172000000000000000e+03 9.324791602994248851e-06 1.283596197020069541e-08
5.274000000000000000e+03 9.324291185497659307e-06 1.271130422139935087e-08
5.376000000000000000e+03 9.266834320476339068e-06 1.251503195577687322e-08
5.478000000000000000e+03 9.239521173535891329e-06 1.229877652666034187e-08
5.581000000000000000e+03 9.176503858631973354e-06 1.216176444094553064e-08
5.683000000000000000e+03 9.134694034058604657e-06 1.199453683611343379e-08
5.785000000000000000e+03 9.104530929082314339e-06 1.185080198247537582e-08
5.888000000000000000e+03 9.092037260952556734e-06 1.167499860451964691e-08
5.990000000000000000e+03 9.019999192909807900e-06 1.153844084613837801e-08
6.092000000000000000e+03 9.062886637454159369e-06 1.149157212618205196e-08
