6.100000000000000000e+01 1.455854799473818483e-05 1.823159276388600448e-07
1.630000000000000000e+02 1.239401212214630459e-05 9.570996607290534056e-08
2.660000000000000000e+02 1.131977106141556916e-05 6.832133740539565792e-08
3.680000000000000000e+02 1.074981951759988943e-05 5.537820970866708958e-08
4.700000000000000000e+02 1.056717603635353812e-05 4.822389033556447030e-08
5.720000000000000000e+02 1.043083292162774504e-05 4.311981396371744818e-08
6.740000000000000000e+02 1.026285560348934832e-05 3.889673326718932201e-08
7.770000000000000000e+02 1.014251152549980288e-05 3.599264975988440808e-08
8.790000000000000000e+02 1.011611436930647806e-05 3.375336809479370316e-08
9.810000000000000000e+02 1.006749003925690820e-05 3.180496845647735354e-08
1.083000000000000000e+03 1.003883054121744443e-05 3.019661292312388004e-08
1.186000000000000000e+03 1.002691502175703384e-05 2.865598874156340050e-08
1.288000000000000000e+03 9.993211699493398885e-06 2.755863291851184807e-08
1.390000000000000000e+03 9.993950567468716148e-06 2.652120414847852148e-08
1.492000000000000000e+03 9.933245021617627391e-06 2.546607359371219137e-08
1.594000000000000000e+03 9.932595063311670829e-06 2.463035776275847041e-08
1.696000000000000000e+03 9.898057672256734758e-06 2.365969242729846832e-08
1.799000000000000000e+03 9.898639492092720546e-06 2.309402943435234859e-08
1.901000000000000000e+03 9.964832343655944839e-06 2.262261799760298028e-08
2.003000000000000000e+03 9.899303394707793918e-06 2.190011368824606698e-08
2.106000000000000000e+03 9.925860994443923909e-06 2.130265973045013429e-08
2.208000000000000000e+03 9.908996388946541891e-06 2.087264882635618611e-08
2.310000000000000000e+03 9.913088345722811728e-06 2.040694729799425255e-08
2.412000000000000000e+03 9.886474268699418355e-06 1.993246507696474753e-08
2.514000000000000000e+03 9.861787660114716095e-06 1.946633446455144566e-08
2.616000000000000000e+03 9.880082508156243841e-06 1.902931833377202921e-08
2.719000000000000000e+03 9.889019597101805247e-06 1.876870382246028866e-08
2.821000000000000000e+03 9.887086132749992458e-06 1.843062735211297420e-08
2.923000000000000000e+03 9.882564033299298580e-06 1.809272908710015139e-08
3.025000000000000000e+03 9.882533082714884136e-06 1.778667399741149150e-08
3.128000000000000000e+03 9.831887832938856990e-06 1.731678941667145915e-08
3.230000000000000000e+03 9.866694377325331113e-06 1.718827750760572281e-08
3.332000000000000000e+03 9.847279647361772967e-06 1.688854543311330772e-08
3.434000000000000000e+03 9.853896740194331632e-06 1.664871017194951397e-08
3.536000000000000000e+03 9.850644231719829150e-06 1.631310862190583053e-08
3.639000000000000000e+03 9.885531156789585045e-06 1.621922496800074310e-08
3.741000000000000000e+03 9.858692127825680171e-06 1.595838027311941619e-08
3.843000000000000000e+03 9.849652796973915289e-06 1.572789134936107037e-08
3.945000000000000000e+03 9.864326162866547291e-06 1.554615044865078060e-08
4.048000000000000000e+03 9.858188330793051250e-06 1.526964154965773034e-08
4.150000000000000000e+03 9.827367272581577054e-06 1.510291783830731642e-08
4.252000000000000000e+03 9.811629509571668893e-06 1.489393709160807470e-08
4.354000000000000000e+03 9.778971332453001344e-06 1.467115591641645429e-08
4.456000000000000000e+03 9.735172430091165019e-06 1.436854301572308488e-08
4.559000000000000000e+03 9.751947977154163004e-06 1.429767093982908501e-08
4.661000000000000000e+03 9.669200944052013471e-06 1.402077424258084697e-08
4.763000000000000000e+03 9.637301736018430150e-06 1.382586993336332986e-08
4.865000000000000000e+03 9.581157936062255801e-06 1.359712935327024528e-08
4.968000000000000000e+03 9.528254054294822828e-06 1.332247335649724857e-08
5.070000000000000000e+03 9.537006448295421386e-06 1.325967628616543436e-08
5.172000000000000000e+03 9.466973013390032830e-06 1.303307463216781550e-08
5.274000000000000000e+03 9.421085523119866593e-06 1.284239706421359845e-08
5.376000000000000000e+03 9.387505958891325278e-06 1.267445350186952795e-08
5.478000000000000000e+03 9.318005663309410422e-06 1.240222231201254238e-08
5.581000000000000000e+03 9.299225728694300193e-06 1.232279963368166747e-08
5.683000000000000000e+03 9.279662626192694083e-06 1.218755898566083704e-08
5.785000000000000000e+03 9.227607979586314302e-06 1.201103182799328022e-08
5.888000000000000000e+03 9.202584300006273128e-06 1.181671272776255398e-08
5.990000000000000000e+03 9.154771663329651051e-06 1.171018533413147532e-08
6.092000000000000000e+03 9.181636926995902177e-06 1.164396565148605946e-08
