6.100000000000000000e+01 1.410823583405548664e-05 1.770225154110192939e-07
1.630000000000000000e+02 1.230790242835130549e-05 9.512627816061454980e-08
2.660000000000000000e+02 1.135163077011868657e-05 6.853779204836248554e-08
3.680000000000000000e+02 1.065712085272909106e-05 5.489794751718342102e-08
4.700000000000000000e+02 1.038417369524844875e-05 4.735005724036405363e-08
5.720000000000000000e+02 1.018045524174435046e-05 4.211556577362342244e-08
6.740000000000000000e+02 1.012270188727130491e-05 3.834599598068499200e-08
7.770000000000000000e+02 9.969412245778455522e-06 3.540911867437077428e-08
8.790000000000000000e+02 9.960124123483168863e-06 3.322380407839981844e-08
9.810000000000000000e+02 9.911483841210849403e-06 3.130357382823673671e-08
1.083000000000000000e+03 9.925249537514438560e-06 2.985310931500418229e-08
1.186000000000000000e+03 9.883344925728180787e-06 2.826590026160031334e-08
1.288000000000000000e+03 9.833851207370841738e-06 2.711007873418252033e-08
1.390000000000000000e+03 9.874800822137966955e-06 2.621915784698376489e-08
1.492000000000000000e+03 9.825376815576144452e-06 2.517404406042552233e-08
1.594000000000000000e+03 9.794654943876472569e-06 2.428478601695807277e-08
1.696000000000000000e+03 9.805928364129018763e-06 2.344160115017873072e-08
1.799000000000000000e+03 9.804393445581496944e-06 2.287302862619927327e-08
1.901000000000000000e+03 9.763487475567320835e-06 2.216305707676400823e-08
2.003000000000000000e+03 9.707565492364325597e-06 2.147426700657654247e-08
2.106000000000000000e+03 9.737639755945602232e-06 2.090506980160520685e-08
2.208000000000000000e+03 9.718028495106736833e-06 2.046477048132758509e-08
2.310000000000000000e+03 9.767119144899143299e-06 2.011619421697529330e-08
2.412000000000000000e+03 9.741104892589660464e-06 1.963573628315340961e-08
2.514000000000000000e+03 9.779293037819364358e-06 1.930575269589714103e-08
2.616000000000000000e+03 9.759313184994876050e-06 1.879614888134359096e-08
2.719000000000000000e+03 9.749614254344523070e-06 1.850653981989137144e-08
2.821000000000000000e+03 9.772753069346652217e-06 1.820850955424907076e-08
2.923000000000000000e+03 9.721739323070733232e-06 1.779934805383200886e-08
3.025000000000000000e+03 9.751639306898737545e-06 1.755103537913562057e-08
3.128000000000000000e+03 9.714166735790871513e-06 1.711476717383381550e-08
3.230000000000000000e+03 9.718573967621273800e-06 1.692437488074384607e-08
3.332000000000000000e+03 9.710102057916773140e-06 1.665473634745503367e-08
3.434000000000000000e+03 9.707543359536852096e-06 1.640030238765329544e-08
3.536000000000000000e+03 9.720328912096623357e-06 1.610087224785503748e-08
3.639000000000000000e+03 9.708598116117768116e-06 1.593505512779261621e-08
3.741000000000000000e+03 9.731458846545486597e-06 1.574910747946180399e-08
3.843000000000000000e+03 9.763745403707848344e-06 1.558794488243027118e-08
3.945000000000000000e+03 9.726195288913190457e-06 1.532847640211266528e-08
4.048000000000000000e+03 9.727282454923074598e-06 1.506638127752642076e-08
4.150000000000000000e+03 9.718201059341799081e-06 1.493237955080838908e-08
4.252000000000000000e+03 9.691319993693256514e-06 1.471294754433665809e-08
4.354000000000000000e+03 9.665199804126939687e-06 1.450245246726050907e-08
4.456000000000000000e+03 9.630016489009929885e-06 1.421327705944033052e-08
4.559000000000000000e+03 9.607508191286376424e-06 1.408624468127308236e-08
4.661000000000000000e+03 9.552145238254880239e-06 1.385263350091747631e-08
4.763000000000000000e+03 9.535045414067666041e-06 1.367691887031190178e-08
4.865000000000000000e+03 9.492366289534019501e-06 1.347308530740014967e-08
4.968000000000000000e+03 9.431244504300544321e-06 1.318487962325691906e-08
5.070000000000000000e+03 9.381452955829818280e-06 1.304232407305470835e-08
5.172000000000000000e+03 9.353789465161222903e-06 1.287575668869269992e-08
5.274000000000000000e+03 9.331650877536554241e-06 1.272152128779389058e-08
5.376000000000000000e+03 9.247360035926010879e-06 1.248544759857031199e-08
5.478000000000000000e+03 9.222417194320159294e-06 1.227693512116815622e-08
5.581000000000000000e+03 9.164681039052474581e-06 1.214809952932523117e-08
5.683000000000000000e+03 9.141095792338394332e-06 1.200269751861640067e-08
5.785000000000000000e+03 9.123661619794343471e-06 1.187831554327622373e-08
5.888000000000000000e+03 9.056016414707301971e-06 1.162612334722743100e-08
5.990000000000000000e+03 9.041525521466203013e-06 1.156637607909038281e-08
6.092000000000000000e+03 9.066585520877901085e-06 1.149718829377052675e-08
