6.100000000000000000e+01 1.463550392233513741e-05 1.835254028196212402e-07
1.630000000000000000e+02 1.229109728554194199e-05 9.501708989761860356e-08
2.660000000000000000e+02 1.105328619071872926e-05 6.666721627075833003e-08
3.680000000000000000e+02 1.075849799541677581e-05 5.543327425099931330e-08
4.700000000000000000e+02 1.036340779640410467e-05 4.726759216173559350e-08
5.720000000000000000e+02 1.029566284283390484e-05 4.254050121529764338e-08
6.740000000000000000e+02 1.004925372378596401e-05 3.808355074335096043e-08
7.770000000000000000e+02 1.001119363836343555e-05 3.552397436872444607e-08
8.790000000000000000e+02 9.972055401380103593e-06 3.326613904865980897e-08
9.810000000000000000e+02 9.920716676620519904e-06 3.137374160093352022e-08
1.083000000000000000e+03 9.897098622952827309e-06 2.974767527514779871e-08
1.186000000000000000e+03 9.865711521927405378e-06 2.822389778623912159e-08
1.288000000000000000e+03 9.839608797368520562e-06 2.712256982243212501e-08
1.390000000000000000e+03 9.824326071477018808e-06 2.608387223173968389e-08
1.492000000000000000e+03 9.812804090637205630e-06 2.513868402267755966e-08
1.594000000000000000e+03 9.747394755627922231e-06 2.416229946604904285e-08
1.696000000000000000e+03 9.827388297834869057e-06 2.349075426630795540e-08
1.799000000000000000e+03 9.771005422652158300e-06 2.280536369590706718e-08
1.901000000000000000e+03 9.798240949219418641e-06 2.224648042641365747e-08
2.003000000000000000e+03 9.772737658331419919e-06 2.160771343370528918e-08
2.106000000000000000e+03 9.715189749202672690e-06 2.085443129945801422e-08
2.208000000000000000e+03 9.769201739698526953e-06 2.057654542119612954e-08
2.310000000000000000e+03 9.727275092778045381e-06 2.003399391446202445e-08
2.412000000000000000e+03 9.737627834525184689e-06 1.962250550948404853e-08
2.514000000000000000e+03 9.765368296989304737e-06 1.928565566261508836e-08
2.616000000000000000e+03 9.776823649835424210e-06 1.882618926814933616e-08
2.719000000000000000e+03 9.730758797225672030e-06 1.847204174645229595e-08
2.821000000000000000e+03 9.765690555842638634e-06 1.820384626927056886e-08
2.923000000000000000e+03 9.743011517166277538e-06 1.783750186599205302e-08
3.025000000000000000e+03 9.750274862458233104e-06 1.754853769540878402e-08
3.128000000000000000e+03 9.723342825896345046e-06 1.712876299050547331e-08
3.230000000000000000e+03 9.735072543524417798e-06 1.695537264336693375e-08
3.332000000000000000e+03 9.730947608612002678e-06 1.668958006085436842e-08
3.434000000000000000e+03 9.756212570217070339e-06 1.647846249320340490e-08
3.536000000000000000e+03 9.733226244217240398e-06 1.612276610938149016e-08
3.639000000000000000e+03 9.708125723997001495e-06 1.593391173982153241e-08
3.741000000000000000e+03 9.696463981473291447e-06 1.569385509851983631e-08
3.843000000000000000e+03 9.747581146250154736e-06 1.556908402694565227e-08
3.945000000000000000e+03 9.738904687284845961e-06 1.534726905738925300e-08
4.048000000000000000e+03 9.697705252591668095e-06 1.501866121616251514e-08
4.150000000000000000e+03 9.700302054560637708e-06 1.490687725357343728e-08
4.252000000000000000e+03 9.663764500841305407e-06 1.467109163644212073e-08
4.354000000000000000e+03 9.668424646961189570e-06 1.450452185505260989e-08
4.456000000000000000e+03 9.648739796898088270e-06 1.423978403930904820e-08
4.559000000000000000e+03 9.627827778843137582e-06 1.411785438914681895e-08
4.661000000000000000e+03 9.564312723336159156e-06 1.386678399698561819e-08
4.763000000000000000e+03 9.508956977044257506e-06 1.364140099636767784e-08
4.865000000000000000e+03 9.488064466831427538e-06 1.346799422249341324e-08
4.968000000000000000e+03 9.429517520502252544e-06 1.318124819913087512e-08
5.070000000000000000e+03 9.411344565823327653e-06 1.308174385595178572e-08
5.172000000000000000e+03 9.330815450219251536e-06 1.284888071433340696e-08
5.274000000000000000e+03 9.281555247965869309e-06 1.265478076869271376e-08
5.376000000000000000e+03 9.276653300205056567e-06 1.252028708194896471e-08
5.478000000000000000e+03 9.235074275388335661e-06 1.229422841690665764e-08
5.581000000000000000e+03 9.166507491300188894e-06 1.214829249321426480e-08
5.683000000000000000e+03 9.143410679708727584e-06 1.200837703353073406e-08
5.785000000000000000e+03 9.093049961739980142e-06 1.183696871101850104e-08
5.888000000000000000e+03 9.068515384947745570e-06 1.164326631403732708e-08
5.990000000000000000e+03 9.049270398960388291e-06 1.157668857416965255e-08
6.092000000000000000e+03 9.066895831650634996e-06 1.149684243563073842e-08
